X1	X2	X3	X4
0.627328793485142	0.87294233442873	0.422210043249491	0.0132287225241081
0.99837335620549	0.946246181236452	0.984628240669339	0.0425195571003267
0.284131857303722	0.821989205092432	0.0615639364912002	0.00076750391040119
0.999708499758129	0.882684338236029	0.74201801928134	9.36170651692186e-05
0.647164311005496	0.999045346429618	0.349093400112953	0.0465613935126508
0.989763730905813	0.974465191191932	0.234575935585383	0.0147811312500541
0.274126470439462	0.999999921044291	0.0754252667307319	0.566092602156324
0.574912111592517	0.760175696504916	0.881798303730408	0.0201639790060441
0.803383090791002	0.742087750624322	0.234354046114847	0.0917551545436409
0.595399941006544	0.167186746534166	0.00191902114363911	2.89701931912122e-05
0.789045205441271	0.966237868068296	0.759697973590842	0.898219904133564
0.882455550862465	0.472593074646413	0.899512146639217	0.00509057064909464
0.945205714749607	0.811033527769404	0.278307189928678	6.9494727997076e-05
0.942375609213053	0.342604440978406	0.192296175599953	0.000632041371836431
0.664778785745658	0.999989511838389	0.000127402291562679	0.000187764628519032
0.272431513238539	0.101516015615682	0.170950540345851	0.0516835648485802
0.962457911300645	0.678190652251501	0.320160629237179	0.0220519007032673
0.982679285611984	0.761424399859308	0.229941402119411	0.0125839131041655
0.392512546215034	0.707111275119966	0.675961253367563	0.00310329332866175
0.564756032676923	0.420409904898705	0.89507786014866	0.0800245961594224
0.809445051243529	0.977706213871874	0.349862926725204	0.00851904853387435
0.968747789845045	0.523963641986256	0.853811637325727	0.0641337170604074
0.784937572435409	0.615518651032388	0.0116601533810256	0.006273931264116
0.987397794764676	0.049155157286671	0.547734573349358	3.58493345339622e-05
0.877946639229655	0.96690577385319	0.385234142556647	0.0122029228656399
0.829347106365249	0.937579870136807	0.223386664065774	0.91357673007215
0.109429363560912	0.960991746244494	0.209210674047443	0.486644601289618
0.197511137677042	0.979405771567203	0.549688013917342	5.6007005376967e-11
0.787169411967076	0.978700354562312	0.828898328380014	7.03247337510613e-06
0.903180942900194	0.0882103971615824	0.294147385547854	0.0609465015506609
0.013929368758775	0.486366348772234	0.942391765587193	0.0106364787587128
0.320673932619785	0.972256372036321	0.546078207758917	0.319822626090034
0.818054364193758	0.999673901194026	0.879238465938134	1.73045938170613e-05
0.703385629928074	0.824336432817688	0.346077873134173	0.50209662031562
0.998272560536236	0.724883672918241	0.0879308120807795	0.00154606019658264
0.929788572595884	0.946952484609441	0.702320159666682	0.0222893830260389
0.697286895288867	0.999987130145988	0.977347355518696	3.98645277577739e-08
0.946530326239281	0.183817808711484	0.063074773127612	8.15960285147953e-06
0.994977585589262	0.969285166991912	0.906473766404788	7.90025595755268e-08
0.879733063072551	0.687142608160246	0.924439219142653	0.00122783908778685
0.740045795841142	0.991647704760631	0.917722015066394	0.000359991676285815
0.402785277321844	0.998916787496659	0.692374757141394	0.00924177528803488
0.529058426749124	0.138825089418052	0.0964672235429316	0.612648807153849
0.672440286053038	0.721229181479318	0.144767412960377	8.96707197911902e-06
0.998840641919842	0.93145411085163	0.0354965449732911	8.95975544418687e-05
0.400439303044702	0.993179209379662	0.466928533175892	0.52560538896905
0.606681115764888	0.999981044302594	0.655886361952981	0.00729896652246759
0.991494719527171	0.486766772543989	0.437518251231864	0.000308909808012733
0.719910464894917	0.388710592524131	0.11176500866747	0.00187612038628708
0.800762690210491	0.999695924190583	0.798309269426462	0.0474726360740504
0.895056754269833	0.885798183190298	0.0156678630580724	0.134904185889134
0.801019197763668	0.890841353026403	0.0154849719457524	3.30316539544199e-06
0.917486154412994	0.985116827182378	0.00386417671640201	0.0214301516431347
0.799564604968614	0.973141437591016	0.0383977149262747	0.378621476207456
0.127079819954665	0.996188779579155	0.0750777819790692	0.116443989499288
0.508514635782505	0.593149238538102	0.138556541277543	0.00648810295659226
0.52651101057554	0.999966729775701	0.852776707728193	0.0108528932006763
0.53580253755202	0.851880417190398	0.566649316668303	0.404723663997793
0.467941116617676	0.999928650580717	0.700906870692317	0.0144711888827242
0.610996837799755	0.786515691056895	0.0212794546740365	0.0300622713327987
0.790059474323362	0.941617189850738	0.606054321390305	0.00613646747729038
0.275282440577621	0.998178045911264	0.649751736273245	0.233719685091321
0.536674810209254	0.999419527544013	0.156058848593767	0.239519166297042
0.832171529798967	0.99519116960648	0.0215022256223942	0.75406078444655
0.0806758303910017	0.919792882890843	0.944371365578183	0.00369019200189704
0.957162902575053	0.999373041180928	0.187441964195712	0.720527460069978
0.8508763148903	0.712020800123535	0.149643267764383	9.17297510261944e-05
0.889619760341858	0.973582668590133	0.437689317202975	0.00836556466730976
0.607546985342352	0.940043393783367	0.0171681471645834	0.117229291345113
0.822414684935437	0.930580372314146	0.405950505114135	0.0368284747906072
0.752751309734427	0.997502988591873	0.387511506878288	0.760973546399635
0.601937326789973	0.859870428357362	0.155363141378335	0.00164401299347013
0.969242730403114	0.995721948237703	0.0685256844389415	0.624006631300137
0.913372068355416	0.995369835009256	0.00538716950411058	3.85987517879503e-07
0.657173693267937	0.98457342294767	0.354061372968224	0.000925370424612503
0.446899970679663	0.999591215306546	0.0516150236162544	2.40365935274031e-06
0.787620137596828	0.877291453286664	0.945770449147351	0.000711951600613149
0.722361514596557	0.88454903116071	0.0643812267365775	0.0670368303833464
0.971118545345634	0.537063855752551	0.051172335430044	0.180396538213761
0.721654796370381	0.977629813518703	0.26536668812919	0.103037976446552
0.968361265303352	0.999595346190967	0.239614025787607	8.74168845552916e-08
0.608001436384011	0.852614990413647	0.999036764999204	0.00336263175556012
0.339092771591877	0.914482225450259	0.662930616017995	0.00567336204105019
0.938703608375468	0.931276495747406	0.3479122885642	0.0126315922084233
0.497685500877539	0.75840092692387	0.70426647195939	5.42407310869291e-08
0.363222176211863	0.962743435249988	0.0378278014103648	0.0177556992914098
0.572453565538371	0.565100547134584	0.291324895652941	3.9253170643828e-07
0.253403939105175	0.960410987847616	0.263898296523705	0.00916774250020644
0.535227560186373	0.869009586187467	0.489396863128955	6.8014049060536e-07
0.911021014701088	0.931743634012857	0.00386956949549994	0.00742092234389812
0.0247105625446584	0.999391851392461	1.53108896363313e-05	1.74518976867433e-09
0.983450988253158	0.445935085588157	0.458691851872683	0.00773904743619823
0.776941119461855	0.336447590976162	0.111052465799471	0.612026185023356
0.853601629739529	0.694421561225325	0.119181784976008	0.000457573330135307
0.793719221345185	0.550943885505397	0.870049117267075	0.0061651478565756
0.608446424684324	0.48508357316015	0.457266527918526	0.000249393154966522
0.800141090528259	0.268865053993818	0.168400968730072	0.0484870868008891
0.42509420672939	0.657795782669135	0.169896858260918	0.00689438497604078
0.0577756739803147	0.702931571052948	0.263663412590426	0.00872466433613516
0.603891187559823	0.740218062365587	0.187591395956891	0.000807847940144738
0.107957627483457	0.812728721157521	0.386124429675032	0.00220683041392632
0.379169638786996	0.882336024984936	0.00490952323398326	0.496343953191696
0.637975615354995	0.949634789925948	0.0766346174645479	0.000145842169992135
0.969270186572471	0.616108869654172	0.202091441628352	0.0191891856075157
0.870785700588526	0.936482514625839	0.0888471281331563	0.111651988600239
0.0372948246091224	0.317598519300189	0.354893837807267	0.986937096344082
0.975485658288416	0.567869725755609	0.592099835100513	0.164646062017954
0.807013152012273	0.866929999095873	0.108130676606084	0.376410189000531
0.759618845140148	0.903427581161348	0.20117442981636	0.000857793276194304
0.980126678126961	0.79684802634773	0.0713804884335113	0.00339781636827574
0.745002109719038	0.999582444820557	0.702513800500014	0.183336072989872
0.239663772266605	0.993491251777254	0.939970189338225	8.3994045604797e-18
0.999595522256733	0.308753654777683	0.17263658803535	0.0153037324447373
0.488450558015582	0.934857853334525	0.0593549704623719	0.000188533666348444
0.995144160160125	0.847824736302869	0.24944551188232	0.910108995354736
0.98050577487652	0.999304572630913	0.0464856616399232	0.000822368240090562
0.583679944630531	0.999999973193322	0.258975046758955	0.0328277447297453
0.124754148130412	0.973351077619246	0.432775294752583	0.0435429540845669
0.0424786768593107	0.960068574907916	0.244638969792272	0.00331570995450459
0.16518538763838	0.929601364632849	0.186130065460065	0.0596818025180496
0.516662987063546	0.883169833386561	0.920194676814783	0.828942019522387
0.202199336223402	0.9286547123056	0.00121615060647381	0.0179151325583673
0.951240546451763	0.67452517227037	0.0109641544873471	1.75176632743877e-06
0.0283104473204011	0.961899912215469	0.448043693994517	0.782616575321595
0.470751277628142	0.943775158236151	0.345956658427783	0.000419751420405951
0.721600869340383	0.987708366886768	0.0455217580944952	0.52328928359408
0.703374773107092	0.999886197577931	0.449094931472528	0.40521511926245
0.941062166229703	0.959855968915556	0.134415138179737	0.0200026275149027
0.852175710680034	0.989721593024712	0.00403212235141975	0.0475048191275437
0.975363521900723	0.00778774934787403	0.667523725593722	0.807143500823513
0.982511273086377	0.986096992661194	0.631113475693332	0.00716407060389344
0.576032814692445	0.992026851799032	0.148413573384993	2.41825816621092e-05
0.702577043098855	0.883729201769503	0.312808581362546	0.000400696545656863
0.822071852299779	0.606779825406891	0.357324562195924	0.419635613755538
0.893841768157342	0.400011773802856	0.490105156994163	0.000610445225256841
0.450174734038589	0.442633288865628	0.994712269571531	0.0431527631262834
0.911252960783548	0.856371192532432	0.228344239820245	0.294137499451891
0.75058992584732	0.981722712234794	0.44798789497347	0.00330778973134671
0.587538431959511	0.940632398552115	0.412298009107812	0.321740939477589
0.0195113706075452	0.996105046355448	0.568964909074945	6.94912216859975e-06
0.856755921615873	0.800892879420939	0.210597727064732	0.945035831336053
0.96778629730568	0.999585104052818	0.298951114983199	6.09234715594918e-05
0.3634485801533	0.0270921413782853	0.319866230847813	0.270511066034176
0.470183985629659	0.962520322552106	0.447070963343125	0.0359927672701712
0.908574351289774	0.995172830246634	0.999684384965677	1.98302891708279e-07
0.382730917215198	0.984449108789618	0.420158987384008	0.000263539941902338
0.396900168032495	0.901001099641442	0.665351232728258	0.310568430958146
0.830390188266877	0.999903127381114	0.871226676559547	0.0525709497779804
0.363918605819871	0.353972379117695	0.98208683933061	0.397276056935961
0.505751828977071	0.283665063914797	0.260012692475159	0.000478458040231109
0.291802574684972	0.957908602342887	0.00128639117477241	0.14388925578525
0.781260815106991	0.624886868870425	0.272787395786094	0.067766258321334
0.892059424235559	0.463449824101788	0.140208446103102	0.0802428915188059
0.838523408235051	0.992189805848992	0.64305518987104	0.0452410090052082
0.304450193525764	0.501607739480526	0.652947992415275	0.0198261400103873
0.413628262330382	0.983987953089816	0.0380888978460863	1.09665086616138e-06
0.958472176994984	0.00172890635735699	0.828516618025951	0.00303147840667484
0.606840077524851	0.459221264621678	0.117283243347216	0.00485490377737226
0.985182885259908	0.999999946343515	0.93334674738554	0.000295273285513959
0.698655314139602	0.619186537851088	0.0380089360212153	0.00326594053999409
0.836920497455619	0.769676266239203	0.61638569945161	0.00864447182746009
0.966248230625972	0.968480278248153	0.179588680940421	0.0579461521792891
0.708785426563668	0.233573995132267	0.370033984463009	0.000961271378003348
0.824474226923598	0.811194185071646	0.889820410604401	0.916923266893336
0.159013935326268	0.873340263021394	0.0134055230479671	0.0103002680773055
0.286688843361988	0.697406297117798	0.494413144692843	0.00798732654510885
0.988992162358232	0.636486349200947	0.311738931807404	0.0302138530282409
0.450775429932691	0.996713925823162	0.230912345477621	3.77562360948253e-06
0.710896521482537	0.849083231400352	0.302415443682256	0.183226500873897
0.799448305342924	0.99999915840129	0.774873751137413	0.253433852497681
0.640646257812073	0.618050443876721	0.614874259487492	1.11086752588202e-06
0.96753166028257	0.91654275842361	0.0201615470194036	0.000112403084401746
0.256951345722839	0.998381623934306	0.727586633255833	2.47417668277621e-05
0.444485964919494	0.99598893332895	0.0968175259905554	0.165900168860339
0.434943404262796	0.740254438531213	0.949489954620757	0.000694836207352571
0.75298578572645	0.999984752941507	0.439124562589235	0.00249975955292879
0.717405358461703	0.997546304476043	0.345833286629257	0.0133046316181047
0.598808873659305	0.998172283546841	0.00110787415866975	0.661736637952951
0.714322605506124	0.820166317936377	0.00210870941747691	5.05606446714929e-06
0.756460961781245	0.717909029552971	0.308096559680612	0.000810968193949698
0.00211599448064573	0.934745952908109	0.884499540318306	0.380582734467258
0.945945931627025	0.999906118299127	0.453749840285	0.000325288753534393
0.0539402710563957	0.984972190821784	0.000170874763068231	0.197868529493911
0.998316188396777	0.730363709006006	0.186922863495329	0.00226788083689152
0.095985203881481	0.746186528150624	0.00108706621397096	0.019219701124603
0.110415929945637	0.979733545136611	0.872587181499206	0.0103820339458747
0.669002904054778	0.513194353643042	0.609497386836698	0.0891450082875503
0.958171802464427	0.569392887801261	0.0452289999420884	0.751832128420883
0.278826321239312	0.812591522053021	0.0416431081670125	0.000624290667702148
0.960918448179508	0.613084237940067	0.0326054826422788	0.000419431954763714
0.727420794965041	0.608728748208716	0.454968236990627	8.61133121566894e-07
0.420687337792259	0.961109404217628	0.0148891658677046	4.89431463802326e-06
0.448005966539022	0.9661556965208	0.736321713774154	0.145962290219248
0.976413293104623	0.989049990814024	0.406304789010822	0.0663163773548362
0.215512217082042	0.718263265122378	0.147411885356368	0.107653117997726
0.689790739714584	0.962249034288745	0.4966127719207	0.173167771433016
0.124186883759259	0.999424408412418	0.178645593887393	0.0600700631091794
0.0249823109547265	0.90603352833668	0.977404837066607	0.00343036497484999
0.750774991130429	0.516464304198961	0.457820233262984	0.000225703215108743
0.424689618392263	0.870044945689964	0.00218738760402149	9.23394647518839e-06
0.735663596891796	0.471049316491353	0.638939825190143	0.000313710922129421
0.414940853216621	0.979248343611863	0.0536448487959178	0.0350806410974359
0.633255441573009	0.62928924785516	0.834637080901164	0.110707700311642
0.266329660540748	0.949468293540737	0.958173096875838	0.00881859964021105
0.978092062431987	0.992466114625968	0.266428225359056	0.00539194432415833
0.703402842664955	0.725353075930596	0.295331689979986	0.00813202098162853
0.0848250018963262	0.82609713951772	0.857949422753312	0.000895849030582856
0.440735234786481	0.968000153721645	0.00783162409317613	0.00553052244750185
0.23932314431597	0.729227626780618	0.190363977799277	0.00977844142322294
0.343138797458224	0.0117761395645496	0.429484289894717	0.0306695775546707
0.950385615291516	0.943581019177295	0.982519337950108	0.00139192466854392
0.874793040930021	0.924984339587706	0.999028476054774	0.297946492564351
0.320140371689039	0.973659642536801	0.00307103138645912	0.0551470180058683
0.567138100211373	0.971438571155789	0.334677924218839	3.15757182497033e-07
0.541977724355076	0.973836725979796	0.287667808599196	0.00341123459971257
0.649072090752458	0.728603662980159	0.383776646907306	0.153285842530248
0.570263704513558	0.264650881506353	0.283465976444309	0.0328347669348354
0.335841716015101	0.195401890329792	0.395452402919263	8.53322055243196e-05
0.920282167090689	0.580314388017446	0.112333158547922	0.0737622370004567
0.879802730374495	0.876345046076143	0.915653580404995	0.0221342015420473
0.491363720755371	0.126892792577166	0.144302575186939	0.000240097438009462
0.710732155537332	0.883680559358867	0.120581173446168	0.0608283773083969
0.0911250093434268	0.982464735358925	0.32483066360905	0.164415313071006
0.996411945377643	0.854188581296702	0.962669678676851	0.00865615916611147
0.443207841854103	0.946455941806479	0.026352375167083	0.247740657936663
0.148734045969015	0.999999968455377	0.906847449338291	0.0219286884843394
0.16759414259605	0.980180708209178	0.319567164495415	7.63533629388427e-05
0.557638790147071	0.92980419131527	0.346440849009206	0.0372512069638906
0.997313501134038	0.999903729261481	0.297048140979948	0.000101168065714452
0.574725807524618	0.968893195306986	0.0465848366452707	0.000810550196522264
0.29105114295027	0.9296771091779	0.238203531259181	0.00731503560744929
0.447035500843156	0.657939017608746	0.811645203603292	0.570661825764235
0.444581161293229	0.811835387226782	0.155614628595279	0.130825021627509
0.702243263424764	0.981205726809008	0.971156261972878	0.491608130483617
0.872214135816155	0.743710915902538	0.0859647712873534	0.0406052979291951
0.145952966425852	0.99996179498948	0.118628559299383	0.0837780191831834
0.91110289954274	0.438260141144746	0.0323613566702531	0.000555074166143366
0.510449976516305	0.99637539919149	0.323534875248712	0.107807563132577
0.888944359547749	0.790935271041637	0.48063554635954	0.367052183390338
0.461349756670211	0.998865166636366	0.649983733194853	0.0398533833788165
0.56940043829441	0.926830348685147	0.000220455891423718	0.344530781290905
0.941310663242758	0.937705581184584	0.00322109706540249	0.000271230928437652
0.105491502978773	0.837543295833053	0.568710331657256	0.0980637231261177
0.44896413803428	0.241335433164425	0.190644083062118	0.0465437165256209
0.881104551926725	0.993755981620866	0.348282564201017	0.000281982538957936
0.63066383809992	0.820417803893831	0.821808593257362	0.0414160300121592
0.6068736201914	0.0557483774497111	0.861249064270066	0.66695219051959
0.509701837193076	0.182602514915607	0.0294551173558458	0.417988424710057
0.503052273443411	0.887461543351836	0.757408272862177	0.0161759791249008
0.424240385149696	0.999777197813053	0.284323438111481	0.00111929993217438
0.968435804801628	0.896397691074817	0.0978310621611839	0.346018376876608
0.602156606918054	0.80257051275098	0.117102093139547	0.000145216629550613
0.885788917883852	0.367852711757036	0.122952747442974	0.788787698617587
0.0499753196207864	0.986431854632053	0.283737112356081	0.00121066074961548
0.352116055750247	0.449857173973753	0.934212569162032	0.751491153528849
0.00207870310765027	0.967231174458298	0.963246343471996	0.000967804254247736
0.538820254252615	0.662243030047589	0.3459016011004	0.00319783053466235
0.0227380502297296	0.783768706377713	0.00417069238119964	0.000216413295137337
0.295733271183772	0.928329791663677	0.0311955655054215	0.134830667689649
0.215342527082719	0.999662815450797	0.995211591437474	0.0298120618098497
0.893597663136657	0.308770458604603	0.305871751289078	5.8063460065491e-05
0.408758052680213	0.999998293668286	0.953181083224933	1.94948604649868e-05
0.257733825633361	0.781747308769358	0.0353822987369813	5.17026229364635e-07
0.769895427700379	0.974010368760379	0.000830027386468856	4.50589685038368e-06
0.972837435551429	0.894492563827122	0.0110687194449635	0.176938776866381
0.839139122914039	0.948799843373222	0.137190842787946	0.00646430564060755
0.717857953716749	0.922565832132921	0.729710244486109	0.0133854696910358
0.629802306711069	0.505277376848068	0.00456030518880824	0.00332676133301895
0.820409980649108	0.975615906193855	0.482140805271434	0.01113727076584
0.427677803018735	0.229905837354697	0.671700140427079	0.139851864346749
0.162893328724163	0.600022849192057	0.560563944693121	0.142596695222174
0.386134269475738	0.832098445419061	0.0178016325025999	0.298008191441233
0.847241027273104	0.995618325602797	0.2638416947319	0.0251838683664549
0.447209905766364	0.263823725167417	0.907671478258648	1.30569646166837e-05
0.0235053768315153	0.00607027031495	0.0471727432343027	1.77974394671511e-05
0.96719920550517	0.0144351740344864	0.603136835733048	0.231993113248565
0.999168397917631	0.782329269010373	0.0620747860038916	0.111077290244262
0.943932057138494	0.996739043912422	0.154896345032841	0.0160403237175132
0.787757800798546	0.790628415201749	0.0224125602565184	0.0709076307878864
0.00692367307814723	0.156937167628185	0.255776339317514	0.0977214245951329
0.818457567498609	0.999673404437029	0.753001827745941	2.82408365674041e-08
0.215038098786454	0.801276847503152	0.432012654680805	0.382574379797449
0.516254131363891	0.91650288099828	0.000410956853643376	0.390626277685532
0.54146034994968	0.861842866241036	0.179982584251615	1.71545528379917e-05
0.835133186894045	0.888244746222299	0.799376913563752	0.263848280375158
0.730160411065139	0.989600109594623	0.179701108715729	0.0736960640682244
0.123634694643618	0.605558275868963	0.41252032927668	0.000506909525478921
0.276795283448868	0.468605936033171	0.0347954249760805	0.000155513661740776
0.427222264953144	0.945766436647521	0.573717136495684	0.006929126972104
0.900047791329893	0.925481834287805	0.440097821094347	0.137170747820262
0.972882521344689	0.563470665579366	0.112326479816268	3.88636995955858e-10
0.433835140302	0.821449876367251	0.00478275992107919	0.00576247448560861
0.0893310371374374	0.980160111214492	0.415867763772765	0.011124108599704
0.617249373023983	0.739044326599294	0.757382846088728	1.3130621525665e-09
0.135681724907386	0.819703035426469	0.159414438678474	0.00600237307405355
0.948483958098682	0.556438813872101	0.744319236836912	0.00182821807607924
0.96993394351744	0.786868473448622	0.336235475627428	0.277713575171814
0.192400466565831	0.968134854048062	0.218842823359254	0.000722257955520636
0.965973002867924	0.566726622518388	0.0651386143415573	0.00510525760684243
0.695305726076959	0.871744498245237	0.19408344536109	0.0156062764614016
0.149285066379477	0.694975639557946	0.774068531307772	0.00303603138259784
0.427604266287255	0.989943372921587	0.00754901680485225	0.00161761068325764
0.585238379481007	0.86951282205193	0.0410941660172791	0.00043042457366632
0.676350269779004	0.535018844294532	0.00890942621023323	0.0107680728011169
0.725849950939083	0.237557014288178	0.0561249731806561	0.00101100822651591
0.836298071204037	0.00758190370791811	0.727992972806929	0.0731252561796088
0.483758301934027	0.0964799766741249	0.840505964207431	0.00975120710550371
0.308895288487977	0.874309148078115	0.992105911579444	0.000977212368644659
0.994780847608558	0.64538139003436	0.0164189814890543	0.00274433405266893
0.829774148070106	0.901101685754723	0.623347851448465	0.0188359673564122
0.644453434919547	0.848534270370133	0.668892832792662	0.0855188193598548
0.918354633069192	0.960474597247317	0.675317394786641	0.000284700045846421
0.854001736870209	0.929417079570558	0.0179181997790722	0.0249204643452306
0.881883184883752	0.65453033069717	0.287026904918065	0.00288875171430268
0.227896467310117	0.8734272742568	0.858222611774025	0.0865629272230588
0.871843378880397	0.989863017155668	0.259362169875564	0.00151554837633567
0.627652402466174	0.265109224994828	0.0702314907825736	5.49842130679255e-06
0.796237921342475	0.620216119473802	0.151768762363887	0.521091434817077
0.978851256348522	0.372830278395276	0.808549104859137	0.00208820827656891
0.0456369070668372	0.919486053977054	0.243214482550318	0.973676910337441
0.13508260864651	0.997184806084627	0.717800595285742	3.68358669402212e-05
0.578361409868527	0.999332977753629	0.248492984563871	0.00984934629552264
0.844634471890048	0.855823281606618	0.00915472292528866	0.00041074742576937
0.584470893865858	0.364284798121913	0.553429675060602	0.00132135431299877
0.249662340151491	0.84651335951614	0.0923272047683664	0.0184520039860741
0.689343136868394	0.691186345330955	0.000531236465208731	0.089213054379669
0.620572734888727	0.999979008807987	0.0513493612021766	0.000183387308133953
0.321938800590729	0.999999520066113	0.339166891063989	0.0129030800613988
0.998980359955055	0.602464623286535	0.722712422735619	7.37250312571549e-06
0.969276834850512	0.936138117538653	0.39374816008727	0.168335022555246
0.926617266194014	0.974149436621592	0.587855342976716	0.325884304586579
0.987938531596625	0.713982843800752	0.903212871209073	9.19498819634915e-06
0.939345225318581	0.334794928949689	0.0700140620509003	0.00013000034565965
0.727646631075801	0.312580013986206	0.0338581869452094	0.146052017855211
0.390077623467078	0.99668990640914	0.0129968569778324	0.422187868301587
0.472097272842411	0.73053454268919	0.141591230249689	0.0599563406770539
0.565650376770265	0.985419872904476	0.224076243850413	2.35911024109419e-08
0.631384410824164	0.639832364125889	0.14931182237472	7.29600752616856e-07
0.876301985712219	0.999394793998248	0.22536574062195	0.11752249062866
0.343399350951246	0.999387421292816	0.0363085182321238	8.8040784011741e-05
0.82799171372831	0.975897542377092	0.184612965897954	0.516046591877129
0.963438156710721	0.997657009556631	0.000123855049148872	0.00793434399294707
0.997098473114973	0.995265851947404	0.2229696552433	0.000287988134824405
0.0181335422804429	0.287765779746568	1.45651536357102e-05	0.00996912554851507
0.839599833878013	0.638955695732366	0.120656963433058	0.0196739842580711
0.748957483936216	0.351494983491228	0.924322710267362	0.129702890633888
0.734450022277137	0.651102804176322	0.000185171065373382	0.0599098804662121
0.983785861624837	0.974198901112708	0.184902760359261	0.143704451590404
0.979027750344319	0.896294722027492	0.0407807017876206	1.5699510488411e-06
0.216093822488916	0.988809302949474	0.00209416499909452	0.0126451688778049
0.1092654376655	0.999997588895689	0.351497187443586	0.173427798410611
0.462363384343479	0.722009154026785	0.121203934119843	0.0017378163809209
0.0536946053254399	0.984885772702109	0.183695402179118	1.58905977437298e-05
0.217995867724714	0.404814854581987	0.974083855024926	9.68321859521494e-08
0.155217441811057	0.114970103638125	0.930672750079176	0.032372860980194
0.390174904770071	0.833494803459751	0.961278072723965	0.000167404292685025
0.459555445606673	0.843938894305941	0.0938577245817572	0.00396228608147757
0.911684613759508	0.978548600984265	0.742580371431601	0.139951623930951
0.595147544704598	0.923518251739601	0.349896761175871	0.00575365870840335
0.570081880140767	0.821633015082926	0.0765267400053464	1.92735297443085e-05
0.312956245201651	0.114118855183021	0.0599358121024054	0.0195882413925678
0.831700205388366	0.425227624048711	0.0324504373154261	0.266571959086558
0.285406788067524	0.95928932775867	0.623249775575612	0.0726627279567556
0.830094546559887	0.280892018292769	0.593436651043723	0.0217723200246857
0.480118538732118	0.104637929266794	0.974796114906101	5.40301679061144e-06
0.357101051054303	0.999999018520293	0.253090431576912	0.000654260828272905
0.0585094060290219	0.340578938475602	0.12199000987544	0.390737632383271
0.98702463402599	0.582684453106129	0.120082264213708	0.00246454256462679
0.356623204284768	0.82072566598789	0.00390653894028934	0.453859593530267
0.548476170853416	0.979849336088821	0.0212734589741658	0.0977246972579716
0.428170431165712	0.996247414929171	0.00434628869648105	0.0918589798286995
0.980569625612932	0.883647112127729	0.0628553130548553	6.46249130622314e-07
0.0358389804484085	0.829127657872038	0.085982781832114	0.0104329762465762
0.997665525438271	0.966289319606298	0.0032043920185383	0.0426345848148071
0.901796544170129	0.999588966268503	0.0465107233666328	0.518818742087719
0.235909980577026	0.644800659730778	0.581522657596457	1.06204928396285e-06
0.970367663493406	0.614563964145324	0.000161116733933656	0.00724703563310788
0.90367075747874	0.993311525888862	0.438502829504084	3.87220697178364e-07
0.735043091292105	0.890805434153462	0.929077044679003	0.727226338951987
0.156818215888807	0.999764716758266	0.345542065902232	0.0775226372097194
0.653305103340112	0.931719901809563	0.0424929903174625	3.61154701526106e-06
0.42050078412096	0.107401317984646	0.55189007549564	0.005663271355043
0.99240002706419	0.991631942917414	0.0234101939001829	0.119327271689656
0.943012703076175	0.131893104310393	0.0146108354148605	0.0236950282732717
0.320662343834568	0.897185211642148	0.000680462229991116	0.0225624097594167
0.600153400506346	0.839116452355461	0.0729508516850354	0.063232189959366
0.616668033070537	0.553360021494091	0.934973964837256	0.000322811625477831
0.728791169479883	0.758454246886764	0.571017578605878	1.0574780186953e-06
0.0602976956741465	0.368138175336802	0.00984143528975559	0.732862764835738
0.514277570309333	0.500299334401125	0.0660771493914569	0.297058584484694
0.894686502825392	0.761049429374877	0.0363351054505897	0.00593356155393882
0.896382693475686	0.718122175274132	0.0424776689420448	0.701299566203679
0.89732978745853	0.461476462852031	0.808177781929274	3.15399169408487e-06
0.922094751444608	0.891925186401206	0.58759922949673	0.842167058727408
0.890909568194881	0.943733929183679	0.145551384500624	0.00930416955273161
0.757313101898758	0.452850423269768	0.705852357519923	0.000581962440140197
0.468507090258376	0.982363079485719	0.709350554399781	0.0529951514059186
0.757540811310508	0.574647800186976	0.985310725837065	0.0639835661538166
0.19582306181578	0.446329396827541	0.30726408559564	0.00290177237442415
0.820941878544689	0.999928337651459	0.024061069770746	0.00176699343444678
0.999540953156908	0.375469911593559	0.353944455345976	1.77337903321894e-07
0.978429124308866	0.863572663071582	0.0503113529724822	0.0336084530159782
0.58593171987006	0.0126617276150513	0.454904223464988	0.000294777307640625
0.463298095971722	0.892732965370283	0.645866054859198	0.00105818573567403
0.89846343065552	0.0974993783278112	0.675225823746683	0.255964359351098
0.773053513776342	0.897156432423729	0.356435407140937	0.323157217997229
0.152555849010287	0.940588864204457	0.406300316682645	0.107348858692325
0.917552879332768	0.950589335325538	0.206447340052196	1.12350461766329e-05
0.167476470644791	0.823078041509904	0.45822228733216	0.00397754593789934
0.818441407153792	0.849736694737762	0.0459119126579241	0.000621716158077709
0.990589737560254	0.999927714495652	0.0839397466042388	0.000148523495125885
0.85045600470646	0.993414935817685	0.0871692261840347	0.46894592520164
0.998795487512933	0.803654648368428	0.09447184152052	0.0204733091806408
0.543710134695939	0.93749632916921	0.0608700921292366	0.0720532266481543
0.234625056260886	0.854594416089987	0.760629228284375	1.17232180548247e-09
0.433936776846889	0.990825190431003	0.950923029835665	0.26614296593414
0.999969770662395	0.553736098903854	0.102062868200489	0.000949121800426978
0.391745825009222	0.587249865506174	0.00910855591720313	3.18471645577989e-06
0.871638033153115	0.993569622206717	0.406504422585376	0.0504725878129242
0.315526746790809	0.999866142825882	0.490148673142661	0.93745012329692
0.00811727785721338	0.988312417350447	0.0245807337461863	0.101029421714064
0.348324151080643	0.975339970381557	0.866665167566645	0.511492160589642
0.704091915425781	0.998616648232722	0.186246614198585	0.00403926639796102
0.0293235580312575	0.996085288854108	0.600252217617846	0.0108663803178443
0.496318232669874	0.491464154352641	0.0800102866543821	9.75999436398622e-06
0.698187761012581	0.950796257900426	0.441331580275882	0.017510799392726
0.967522828246955	0.994447081012033	0.848708148628824	0.315990455344411
0.863463324256949	0.812672300576003	1.04536628227764e-05	0.0420965506204259
0.138736431660888	0.998836953942702	0.816545199012859	0.146898145198435
0.576533599233617	0.297918413101207	0.287255237168956	0.000518207544574357
0.800084867271842	0.754815644830687	0.513070463719803	0.108735663545075
0.29688242135432	0.877562689760123	8.03463732897415e-07	0.398733100861534
0.524234631703655	0.348881803809834	0.00208872614052211	1.77163181130829e-06
0.2767867105888	0.994143056749326	0.378356361646581	0.00421215814701929
0.417230236233479	0.510471240164643	0.547432625881947	0.000387204557532266
0.99611095256961	0.999666574816257	0.966755938308444	0.000900759612306896
0.461824103244641	0.802470747258568	0.0018182537869399	0.0529133013830244
0.646263708793167	0.99802726182023	0.100681351792322	0.609302990809775
0.448548823209644	0.996004583401034	0.387636707553696	0.000214797167307268
0.949643875072165	0.904767987625767	0.433365768198228	8.83467786054406e-06
0.446931589526425	0.999614101656084	6.93676675553353e-05	0.000948710210931744
0.933515662341819	0.224682608503703	0.534550472640954	2.0845164751134e-05
0.113982973881207	0.943201339976599	0.558037742216516	0.0136292543080789
0.981714305868923	0.903016134185011	0.624008631794467	0.000182475970221436
0.847529716758549	0.840248528221794	0.0869061995301973	0.000485813006381385
0.797540030259332	0.790938839899474	0.149254639750991	0.000416541144070544
0.825887746596865	0.98103671993726	0.786347813874763	0.0124326355587501
0.0508392056666005	0.999817348566686	0.353171812507543	0.000262262718065088
0.874170256904889	0.937002620103893	0.885495933426291	0.000187230878599518
0.505998053383679	0.999009019362153	0.0250560939003946	3.5427919543894e-05
0.44968144530213	0.999785350650243	0.0750229217268972	1.17939682182847e-06
0.396521109018632	0.999290606650132	0.719802660461582	6.71860554652816e-11
0.994200955286672	0.985201712848694	0.832694509433815	0.0544237489816849
0.107587402474833	0.446170283338191	1.33571398600248e-06	0.0062268521916107
0.676214688643552	0.88152076529619	0.323375784078735	0.00156233624161048
0.0113694540993209	0.0357278747909978	0.692571877562768	5.85595074967709e-08
0.899503539935837	0.996899526024241	0.337715808252961	1.15477520146993e-05
0.47864397404304	0.868889598156718	0.00558629234015216	0.00320161578799209
0.728598108393119	0.233330461677186	0.0227972005261381	1.52544726158042e-06
0.707525732527738	0.995437150727451	0.153639052523467	0.00890933789127043
0.43684956375769	0.999990944690236	0.162945012695701	0.136898573901955
0.304795920885518	0.885294108571642	0.59267785863378	5.95076358127155e-06
0.439519823694681	0.897848711728946	0.0639690897809806	0.000476483030891572
0.960157060969936	0.404861647125051	0.822316353797581	0.193084100046994
0.816550216398922	0.456734387279608	0.951484905061421	2.03541516079254e-06
0.383127126047046	0.478233548186307	0.18171459655828	0.0447347300865673
0.975470701745199	0.689342064913835	0.216080808932035	0.000390996408092364
0.994778912077068	0.999999868535098	0.189430875326993	0.0668833181313686
0.660466222104735	0.224073790942907	0.818323496367737	3.1714573940905e-09
0.84455318559609	0.954676170261459	0.153953998211438	0.023280506754208
0.857286800576249	0.975392594050717	0.371608718772235	0.000431474906899526
0.0807722523735245	0.399030305844157	0.167357659852471	2.01187941883429e-08
0.373707248838576	0.963332223912725	0.0342669842389341	0.00254672451498597
0.854161212403812	0.731350544104973	0.625825975913368	0.0206524627415814
0.535405725355483	0.999418652588307	0.0860937553359148	0.00010216778369671
0.454078484093886	0.670690203627063	0.884456509100374	0.374137365512274
0.861704861231595	0.971542464044045	0.228836089356775	0.362124386697216
0.605522120662368	0.946123718347662	0.0521569186063889	0.000429597716783631
0.477829274764469	0.841303470730717	0.998995299264421	0.0220455166353842
0.432762280414897	0.623929238329818	0.425019932807171	6.27968040496074e-05
0.875748021868886	0.0957133709237758	0.151080750799826	0.00527488350822053
0.0165582219334044	0.929838192815567	0.690344640845663	2.76190839739623e-06
0.964695761317696	0.868702276020103	0.028851024321383	4.03485195108504e-06
0.218949001806564	0.971379920560485	0.0168431801410321	0.0180939909705806
0.599102401418113	0.680669848689902	0.097733042896534	0.00412454547554821
0.29623473680987	0.852384709042221	0.406805212572532	0.010223422318979
0.945933480478178	0.99905940633714	0.20617890395733	0.0155696562106028
0.627101636969092	0.999399747109148	0.469914464649398	0.000750672751483844
0.935088721067879	0.809443256793724	0.900519875345101	0.00308340142593262
0.948718367491169	0.497374030400171	0.216266128103497	0.147381157018882
0.620669566181018	0.986765328528066	0.00583926323035377	0.00959596598856107
0.0705286955588423	0.862396041326863	0.217580183438429	5.43733293617275e-08
0.647631886178701	0.805317138890583	0.943111095212248	0.185989252526473
0.86347816450721	0.981924865383292	0.326139182835538	0.000138863107732211
0.495647683571854	0.680628673193801	0.0374202389634402	9.79815418431379e-06
0.941827871924614	0.885686311421022	0.394961085680802	0.00454553999113092
0.813502228697499	0.865613673276885	0.979754156779282	1.96114018925858e-07
0.170919099819663	0.768949283696651	0.901283964351186	0.00983741320540048
0.212183617763828	0.0990360041931639	6.11761798053536e-06	0.0373281836206436
0.272549223757497	0.98974984333215	0.0975651864354261	0.000265440342892583
0.996878340383892	0.99993487446691	0.309195363326848	0.0101310119157307
0.45159079708371	0.803322496622762	0.755926670285182	0.0869541250237249
0.817164394676516	0.300541182203683	0.398024212196573	0.0206907021143313
0.975249936163565	0.978747127790013	0.0992023432611772	1.21554037701786e-07
0.426731954831174	0.985926073768876	0.410962938412794	0.000290814934570553
0.999158549885592	0.342650198142905	0.00115509309488556	0.849536133376675
0.990842909717537	0.248310081699164	0.630461719406923	0.217738381405424
0.207830199786053	0.761694986545701	0.697573899914085	0.00201287850082723
0.722323174318732	0.992985566823312	0.909156971543054	0.0103240170899833
0.263635933419316	0.997469607610855	0.0294787853185199	0.558615018141465
0.680372263503924	0.880647297401833	0.0144722051313254	0.102977712717097
0.477712339844383	0.991476110000889	0.196947313504357	0.187500202085934
0.757859791327826	0.447360644696628	0.0565997812748235	0.027871443632056
0.414810428273859	0.760673927025463	0.000301689894041601	0.000917826567875109
0.609720561211447	0.704891555203268	0.76813941639526	0.0251192605009023
0.802792287714722	0.965983724847455	0.211633564926502	0.000337388092325263
0.0910637627208661	0.584322100955288	0.010868220812448	0.0972675012186108
0.413574098652945	0.834230935511164	0.995137712851081	1.54167336370598e-06
0.92692480062651	0.894641309217404	0.633027574346685	0.0335782191588099
0.876099370357594	0.999998709251537	0.174514787122032	2.11909479559071e-07
0.85518643390233	0.997125071613554	0.511358601348504	0.946331342260125
0.0982596165435577	0.805308498147332	0.207795331175736	6.05894938939591e-06
0.00625995100035502	0.973339560493125	0.283019226681133	0.0268491545502044
0.633626919222435	0.94319094133669	0.00722085909413695	0.689739885552431
0.948720255667296	0.947028535429632	0.183979947112378	0.00365801985716628
0.999243584640389	0.967683434181904	0.200037420185788	0.0755232051090969
0.811607575284521	0.912275269222661	0.673269906360955	0.217622458927975
0.975459608315889	0.6096775228535	0.850882395972179	0.288048003179174
0.7661431593438	0.968559219803523	7.88258615602494e-06	0.131879858804593
0.867894851420297	0.331918132183499	0.559200561226093	6.15147943450891e-05
0.917869854789264	0.96928843069861	0.298872475750187	0.0285013093593195
0.881950767640387	0.385302545930547	0.0513796607013624	6.60979287212818e-07
0.098631134564854	0.974623442611695	0.738996052018484	3.44563466958097e-05
0.293083319813497	0.985087711162312	0.0710000861459188	0.0024210904376648
0.349586017636839	0.965300197358602	0.874331091498429	0.000102930688620799
0.649023460718476	0.997822491682409	0.731789763665118	6.75469688601959e-07
0.984273909290128	0.921306188405514	0.363594306559287	0.0435178007967642
0.774327314084893	0.964999853669299	0.667050825946612	0.000220745520232215
0.0291696534518938	0.620671690293296	0.727696928260528	0.00843512689410853
0.641585992755375	0.99656616161954	0.837536393988804	0.278423443063724
0.86142927391636	0.877760179128012	0.0695290099833289	0.0655206063895351
0.924417567957606	0.993618525465405	0.199195693205745	0.012225611531668
0.473495690417891	0.315254943537192	0.523027518826576	8.9710812931734e-06
0.869918156595742	0.999505224497182	0.0196033471377785	0.0148881905426871
0.131563459404967	0.966447676462633	0.261129793124065	0.0376300997512179
0.978587761312035	0.604061480961364	0.227247840165314	0.000986689857726011
0.293304916660981	0.888157237075463	0.346028204820192	0.000552541924151153
0.919788193355346	0.30700801886249	0.883577074067662	0.000219515217896003
0.392416726974302	0.72940187867152	0.450409653463942	0.0576028496109536
0.658972620652468	0.897397497338231	0.0156570266046397	0.0177443546004188
0.465018370284999	0.88904307161702	7.44241842927009e-06	0.0688137116722009
0.824753556667643	0.257237271787654	0.860486540893587	0.0280617664952428
0.634434976427589	0.738210855647011	0.919835476453977	0.00592030409977886
0.315599086048929	0.416791620842495	0.006235629926193	0.37795717615547
0.589441048664439	0.921959316901255	0.00291023324458786	0.0941756659742476
0.461587451769642	0.907583007714317	0.176198031942719	0.0756323579015572
0.294432222637617	0.759067696851248	0.575057783049271	5.80196997536693e-06
0.537819503265833	0.280824783001081	0.277325315272363	2.1373103612894e-07
0.691288074399603	0.966139519482551	0.51193986286982	0.0180634848869469
0.0219257760790019	0.999950040505564	0.59481920403522	0.0178067921228633
0.710644920800644	0.851983813463457	0.350582616465605	0.000228748121102286
0.843693118111661	0.982922315539768	0.196546943029257	0.000223013156753289
0.461724376612154	0.994566189066427	0.607349710203642	0.0344347719322283
0.273231423596726	0.9356975976135	0.506501561899764	0.693072173440844
0.186858295500468	0.998543326701568	0.804783847662852	0.0167952333072573
0.999615111093229	0.0888091027212829	0.0190391061964529	0.284585602993089
0.983065541592137	0.890456884231208	0.227785245369702	0.00673525097870227
0.923901427978449	0.0665208983536832	0.0306921432392067	0.00809505182978663
0.995577439510125	0.997876487576047	0.790249828982112	0.000641115387303471
0.719047145271039	0.947554992330282	0.172915090692072	0.109200375267332
0.910671196522399	0.865842758448531	0.493977483771137	0.000781170401378292
0.0766684704809715	0.985168986316518	0.0314432640225614	0.00798781257478391
0.191007190910416	0.999814541513605	0.0521009246779086	0.000201712807400493
0.617083481301146	0.191842220673012	0.0146952139512752	0.00025063752133895
0.699594579245032	0.999989308184389	0.0819461281198566	0.0441761608290786
0.376519979964269	0.97814075114213	0.450046744935568	0.00144239150675845
0.248760730130743	0.811000864830839	0.0724991923018124	0.00351041497726905
0.844822231880405	0.723052132549937	0.161817516062921	0.00184272410034653
0.335032593522615	0.529574089214847	0.417790123826664	0.0310339620089571
0.6506652941025	0.99648976621164	0.312202217241687	3.16260994296337e-05
0.99698388643416	0.376502200806475	0.065344317521001	0.272184946169205
0.408886090604671	0.564729382821115	0.251098992312459	0.55366589611868
0.985398578913127	0.409640302716572	0.0793556586602295	0.585708217779959
0.621744986424666	0.478466563247326	0.896247260676895	0.134595919641979
0.775549288344742	0.438079554044124	0.0133543668313649	2.4345026735926e-05
0.460425407365849	0.999777298319483	0.164596973569501	0.00348114505741514
0.190421524836854	0.557193527888365	0.00080631272641557	0.00458693559114781
0.237280892465135	0.991225340794089	0.842136478661511	0.103046450331619
0.0151143044538468	0.992209515121917	0.0445638897405403	0.000292536274232786
0.97149300931337	0.789792095120624	0.0822234494348417	0.0270821284781806
0.860198242313798	0.229663509884805	0.957492575022297	0.0344939905069557
0.244167107407396	0.787606165292277	0.145508580660989	0.0644947631905493
0.960574394792385	0.972003157895283	0.406906505760761	0.0271039486615423
0.456420335003185	0.173483855223729	0.256287596978824	0.0059050861000757
0.398197285127857	0.0155278412094286	0.899803475230996	5.47667774253305e-05
0.875252408804704	0.968638819468894	0.226313907019494	1.48083903728313e-05
0.553986581619999	0.999905108240404	0.516109517377691	0.0334789096597072
0.862408870198795	0.299882868631089	0.639820636252522	0.0647394283503561
0.277330286618909	0.944111075936831	0.99996293728891	0.104369524694155
0.855589158205447	0.597317637945408	0.0105545095723968	0.0582547626132197
0.453654567630121	0.678306041682057	0.154582341776897	0.0362195432062493
0.761888909483047	0.941458269435147	0.811954652015322	0.131869535476668
0.95237846569721	0.870674256767386	0.0024985413198452	0.000562360915548441
0.665472806788183	0.452103150793701	0.203013517587955	5.62751215549086e-05
0.044295590484676	0.993534047779787	0.677213864313384	3.19646537034296e-05
0.284539952962235	0.538546032361944	0.349315051067005	4.58288318912592e-06
0.820442516556625	0.992711559649763	0.00033492397827529	0.000247079214468403
0.757976116279145	0.970204385460018	0.000516377657232408	0.0185055387008999
0.00788724765431161	0.890236578793129	0.0436206490071286	0.025694200191208
0.418234542528933	0.589914454717808	0.180966577085394	1.19245910708878e-06
0.98122543219422	0.757083195908086	0.295484988955139	0.0579299746563286
0.639891541537749	0.35246987067601	0.792945834735751	0.176033555667338
0.613781978768706	0.5132816169105	0.655389504076225	1.13056742949291e-06
0.564963522912761	0.969844999047737	0.358952644445267	0.0612865762297983
0.943211820319149	0.136799820802347	0.300974789735533	0.0441168651972521
0.692863232607519	0.565823305494004	0.705153269785562	0.0222254820398182
0.588007341262114	0.918848101347587	0.686754929174531	0.352072720222161
0.309701639004511	0.976064089032002	0.659601248344776	0.000124557718641177
0.933868634441608	0.977573451651974	0.13483547215013	0.840864966963589
0.487933107201588	0.960303627658452	0.0189306531531468	0.010745790071554
0.976190277303603	0.436761315207767	0.243980280149853	0.0027121437300251
0.7024074378523	0.493379969824592	0.723797612522006	0.0448600457734459
0.876839862012008	0.742369511477714	0.000838005277133953	0.0949866820400482
0.292318770275569	0.999862150827072	0.503761767519819	0.0215523658221769
0.27765926085532	0.0339292153621795	0.0182429721280034	0.991910860226112
0.967347694273011	0.319845401561128	0.0999275988233931	1.96296748790348e-06
0.139892932872788	0.999869912061455	0.0540879547654573	0.451781442328392
0.741151457452031	0.878381972047648	0.0261540629439464	3.05149981586074e-07
0.196290385333215	0.937248608955849	0.740125945483553	0.00374980788130171
0.00106488545135264	0.973391047523263	0.522366806121412	0.730911542247125
0.99547835495693	0.356456899987794	0.118351051002376	0.000519021157561552
0.921896642313417	0.169564221679368	0.441455312126041	8.07444456104228e-05
0.486980218681136	0.929692847624562	0.186561381219414	0.393459308978257
0.0301524506715751	0.506984020902325	0.242287472135622	0.0264167421684217
0.000210009804201503	0.851010254131883	0.254361528312745	0.00984968114089432
0.228293718554859	0.379665462167369	0.00989163731343008	0.344576175530644
0.923595517876304	0.690202298897119	0.0266186946305347	0.00415930041577395
0.488066707598954	0.878787403817131	0.188829558630784	0.0117633194797522
0.567958120279139	0.230332619290966	0.540250561733319	0.00280220176623704
0.179666813857091	0.769104248698178	0.0677663174879061	0.0281892736755768
0.836435380207749	0.01720098881823	0.128656805589504	0.00621285619496099
0.946554959326575	0.9971240512539	0.031434465758826	0.0373470808219087
0.761255321925072	0.999762821129063	0.680839456331943	0.0534684752476074
0.996776522936464	0.940073073810193	0.251912650821229	0.000186328694720815
0.460882311272099	0.601362424741824	0.399679235844286	4.76273448441205e-05
0.888716466838808	0.970940414474945	0.817923431868889	1.88429667869058e-05
0.832510718197129	0.976990636933877	0.0690571035490131	0.0442834539656679
0.374858835114518	0.99999007023869	0.0281268396297104	0.299958328337391
0.913452309492985	0.998600372122988	0.915965372416018	0.000155997861942133
0.962736343689815	0.680732165705795	0.0625635653534704	0.000544246604679162
0.990661999063333	0.999799260193637	0.993597321628143	0.00736129574963184
0.975626608825561	0.435031559239108	0.465912453756026	0.00154141105756361
0.0461803137205087	0.995822190056602	0.0290315700408094	2.88078473732376e-07
0.940661839180364	0.915709888153331	0.830455271831845	0.695957564548886
0.323273460376328	0.579981619525812	0.536485504114102	0.000344692151151459
0.579410597382066	0.994067601648077	0.403190465224762	0.00268245701517994
0.212583745337621	0.31483878830091	0.0331730157685313	0.114369656594547
0.969073238329403	0.932186312428127	0.453982351309194	0.385441039640379
0.79765178826183	0.938232700117598	0.099316995791867	0.88643651898997
0.227439947394886	0.297168514153615	0.306560425863987	2.2740666286188e-05
0.333418342320152	0.785209745087726	0.178285677897597	6.9346975533165e-08
0.830823796998382	0.999950575953598	0.82711562290838	0.00144816208625043
0.319046027047782	0.984295462545097	0.353372662976689	6.66083854129909e-06
0.755731781598508	0.994861503060032	0.00378750417603983	0.0122039042240724
0.00251565517683656	0.723176485966075	0.765891488680012	0.0174726490000228
0.143789774846888	0.518801077750657	0.00516115297669934	0.000311039223398774
0.417942831917143	0.867629776958422	0.000593099424378548	0.00325759350012925
0.187784771277207	0.419211024059041	0.877656642418583	0.00363795488909811
0.312157209009782	0.999096807770315	0.923977287262177	0.00136606546904767
0.377582908350736	0.999983873401422	0.245180811408532	0.519265444162565
0.077017875875366	0.740273374455028	0.606794277492638	0.071566208517154
0.315219272548342	0.998611248577409	0.161121750759473	0.00410859483657375
0.510982691957416	0.55504707413103	0.975832074530337	0.288385642752087
0.191356244662136	0.482066274236832	0.0788901249138582	0.471797006405997
0.650934038820031	0.93108083827288	0.00129658477897678	0.00150210653330548
0.191761586504743	0.974002970916765	0.15498713886977	6.00251983129509e-05
0.598720790879142	0.829776084615781	0.275353508562397	0.0413004469531322
0.900854982210518	0.748008803347863	0.817699740537377	0.115695076682879
0.704889603519745	0.924778901573793	0.875392575743762	0.000213771854716438
0.999990204827138	0.495923525510207	0.179304102362709	1.01369747753932e-05
0.802367378758007	0.974390898696374	0.712113838073388	0.8359685280799
0.87006221956832	0.986969200914222	0.415927992013829	0.0116208899284555
0.622725861695803	0.632202663502254	0.210620824089282	0.139975533708312
0.000775255271796377	0.999999542834059	0.309906511756254	0.167239426362984
0.972807085152161	0.794745542230415	0.0930264455260482	0.143268486244224
0.420808273568525	0.962224623374903	0.807933155194421	0.0330927700418521
0.384836956782791	0.996803877060638	0.645650388901667	0.286982123222956
0.327621453968905	0.931623431239335	0.270440668180817	0.0791080411003952
0.266343520637168	0.974964195785879	0.460379155665357	5.3108949229598e-05
0.744730431536676	0.999723328068471	0.5576890845089	0.000301372930517757
0.957820618738504	0.999998488058236	0.391372094183934	0.0057105376660224
0.543096917168727	0.986720626230015	0.0485629907194838	0.0197727466186047
0.406497316382753	0.99933850297679	0.692937157989474	0.0543201142052248
0.437045051322925	0.534782289559811	0.302360183161607	0.000372252963145886
0.0649288009120338	0.939248538029185	0.432713198566289	0.487222725803306
0.963047393226911	0.424350520936632	0.994260876212854	0.095450040314507
0.775971470368007	0.96049524918356	0.0203101136901043	0.0134036518641804
0.791718542753188	0.9330415678889	0.647693722353148	0.366613977227632
0.585237656386628	0.930361110083274	0.878542469246809	2.98252520940094e-05
0.647296224961872	0.871061306484761	0.803151985573076	0.320918581472105
0.654394153688265	0.108432622723519	0.0062647224090616	2.31620262094749e-07
0.335788393957996	0.663062631419695	0.682464566650991	2.33743857347719e-09
0.130120214356439	0.980483586663149	0.00388573387913571	0.106625401474111
0.386783875789041	0.992302268673272	0.582856925199136	0.000170808251406574
0.0861761269049841	0.969687122329532	0.243816321284554	7.94211901480752e-05
0.935586418912049	0.530704811523747	0.482828890827942	3.49972045207336e-06
0.833439464646148	0.800515265268262	0.283711715861098	0.00850611045215814
0.966988395671759	0.956324418325261	0.0261139639513036	0.421208685605145
0.959970043945725	0.0617518232064331	6.73191612741284e-06	0.112301810117971
0.621167267130131	0.999716578173113	0.745817877208225	0.00321794559802692
0.756934811740912	0.854900815874269	0.977354568753251	1.14413683573912e-05
0.288795482044187	0.430136999410835	0.0364267540428809	0.0078721561951635
0.757534276811207	0.988170800478627	0.986461366724945	0.0810963389157575
0.0401506317404203	0.242010225761165	0.927910128401548	0.145532246782046
0.89604917648952	0.968906015917002	0.0723071660414599	4.09474902662802e-05
0.180028488480824	0.877647496597211	0.471103255830977	0.000778353803793352
0.57895136421991	0.832885067363176	0.384947741640771	0.105767097443615
0.654921498610022	0.976195766830529	0.0649609897820515	0.0965398458754972
0.90400839875428	0.926530971154939	0.185849693414294	0.0235006765064122
0.0319403082810698	0.999959477053982	0.186152350246802	0.95494049956964
0.41174747089394	0.794911493727866	0.339990570721747	0.00012830308936998
0.715273259968474	0.964537910240522	0.498838162721476	0.0100721416018154
0.89469537918383	0.772040440221623	0.0407468758272231	0.0148689193216575
0.277422697659769	0.968929763489138	0.99713959622938	0.256489251594982
0.445713196039313	0.987416239963423	0.284283547382125	6.16268323995186e-05
0.73002305134653	0.999999878118382	0.113257294239728	0.000104993524539866
0.0893689092676812	0.996147683731076	0.846863931087251	0.126982313128861
0.588408573877118	0.57127362671235	0.520669860584674	0.0679845356842675
0.051481412841362	0.822355860416093	0.275640017585189	0.0502315613650818
0.263302074776562	0.964597418241175	0.272207895535816	0.839788727922593
0.193113223308516	0.252867303468542	0.00350846930325352	0.123527955138891
0.663715265252771	0.454265620682242	0.0451503937226993	0.00127955459260475
0.6201673503371	0.876009703775074	0.469780120522184	0.048210628694346
0.401428469382598	0.952025910878149	0.0922737098526291	0.0145874166355532
0.944966963902477	0.994984940693294	0.954380926926334	0.000692235355491906
0.746758273516964	0.97425599601858	0.517014464890937	0.0177648954857603
0.876663081557708	0.514025897471996	0.213160229082576	0.0720078797257841
0.379732413838951	0.476440608229154	0.000513580787313071	1.82821170301999e-05
0.376082640852488	0.99739159167138	0.0492556889707633	0.00133214519342346
0.228109421213777	0.999180874636324	0.120588852820984	0.00354197762586426
0.906482033489224	0.995120480455128	0.367915202504611	0.00024654764729364
0.693801075422072	0.211307571922978	0.460468046039519	0.0161631427245168
0.887685811683319	0.996169961578016	0.104491904479504	0.0125637776952772
0.960357482622029	0.702065641031461	3.16337439260277e-05	0.470109559759934
0.17975926069809	0.929538292934865	0.00571019982264627	0.0016855243230326
0.783400130423114	0.989599944187098	0.160816690544257	5.08695040641056e-05
0.331858684218883	0.262562942363119	0.0980999554381664	0.0173932341165455
0.830944239270772	0.918178031669388	0.734913668340426	0.0307183599832952
0.418780485955514	0.793459354306375	0.190931290127447	0.0929633363153155
0.637254235473514	0.691646049924084	0.112525941908047	0.00242241828033665
0.296034266777239	0.859145481187878	0.000660657629394555	0.422833691286357
0.0798374150669388	0.781216485436552	0.226112193357248	0.33959422095439
0.804544331611052	0.820543993891454	0.217189340606421	0.0141656925976865
0.754861998985241	0.959250369740417	0.567580334231679	0.0439744821853936
0.351879811160997	0.921807064031081	0.469619923731698	0.00445089184129698
0.990869317478319	0.886080094032321	0.0897026385365339	1.98743091675219e-07
0.42262777938118	0.80300012371351	0.331006045960638	0.000272942657900602
0.0387229072534789	0.240246330812495	0.46206706021257	0.0843723422903847
0.616092872571741	0.968624351331878	0.253539290713196	0.000267495547647789
0.888346329294577	0.840989550551895	0.191719727491753	1.60160572128077e-06
0.959590214464263	0.310515037630369	0.180347726713956	0.00012864214080379
0.124925420062034	0.997392513248216	0.0394961078850661	0.193653561748993
0.157304642694342	0.44136670319046	0.0636940573677862	0.0069038171400846
0.0979391322854706	0.99834724382783	0.583983835377378	0.0040085637733386
0.907776886159599	0.905421604908425	0.000242669379607494	2.19260036223803e-06
0.360446998770396	0.979747937723268	0.135996747890977	0.0125584541719813
0.766445318627135	0.98618628143959	0.188949003425984	0.149311695444637
0.963119200006785	0.99026370390016	0.491956674442549	1.06720562970742e-07
0.744306241120708	0.847163180909037	0.971598356767729	0.0468322702456768
0.00719817409512318	0.968404766133437	0.00116021112388134	4.54474941623564e-05
0.747037061678305	0.564623270393888	0.733153190856041	0.00181368668085224
0.947949671138363	0.940442488533219	0.945145634157376	0.00534303225857438
0.263666678175382	0.523424757896438	0.152886873890264	0.00157170653624206
0.352644581843548	0.692874695289487	0.226770735428192	0.00940286105434395
0.331073294956344	0.214533187321639	0.102373671407812	0.113271606561789
0.882136680486588	0.999997702290208	0.681109051083209	0.607664913718248
0.991288951772701	0.993765512932407	0.00790661103390328	6.27653906749605e-09
0.918192240989626	0.999854461891027	0.123395205045318	2.1431471975518e-05
0.263958977808356	0.852905926371582	0.0445441565542914	0.00402480476705554
0.969402281189004	0.86219829449104	0.185219300216467	0.00135209815801459
0.540820508476997	0.0442487451601068	0.415631916953137	0.498387347908349
0.0789513292056334	0.63389871272861	0.406117487241421	3.16250940882215e-07
0.856216625911054	0.98046961908995	0.316020192806434	0.0472482830682142
0.577731209557185	0.759621460303069	0.336642342010169	0.598466901637251
0.818885422214567	0.760229430812601	0.798735243665025	0.0592823716117918
0.113581013239758	0.995618201828754	0.511443481404773	0.177470102183075
0.032241502957344	0.73634283404078	0.718530113270954	0.752635204331892
0.369606806147724	0.883808700660897	0.0979374600993846	0.110494579575662
0.171004119432773	0.918129914570931	0.0820586889370553	0.000106057883154332
0.69784516939496	0.779391295964651	0.220311910271095	0.0228216006925139
0.547279511312432	0.528183937668466	0.0572549284150498	0.135570183892457
0.437405702591416	0.442266521624057	0.581448114524432	0.0147143116919774
0.984250431668614	0.809645662645067	0.998333367254868	0.000409167661429099
0.474635912481086	0.413374102484414	0.0101509090725984	0.883917552415834
0.0207532174301866	0.993006106956651	0.026740587309613	1.44402855842067e-05
0.949813542155849	0.676656403727194	0.355238004331563	0.000137672805795029
0.845870581682769	0.406135868692358	0.311538613459032	0.55759103551878
0.856128390757091	0.421483391010178	0.473198974542154	0.00167570914101008
0.203738263581997	0.96358220397125	0.0583400631528931	0.0429438619185356
0.259432730688786	0.880625177758865	0.0356534394183588	0.0084812305364947
0.320057124719407	0.999329080112364	0.552093702762038	7.37668707622211e-05
0.899354582492176	0.90024067114296	0.000284471659934627	3.92257394665735e-06
0.694467751046542	0.999940086811928	0.684633549924249	5.23594839873345e-05
0.000884546881330934	0.939771343320517	0.0203720512737794	0.373128211422892
0.589823223230735	0.802553406129325	0.815776698496713	0.458560479239331
0.664682385903066	0.578751766871906	0.0576739380252212	0.371281768806504
0.352058965478508	0.361617597656902	0.0332292328638603	2.3543410166923e-05
0.678776518646884	0.869676280472985	0.130555656378476	0.000168740275049215
0.638757501727859	0.997422255244982	0.908582118305628	0.000189307133961431
0.934970358320783	0.976280757366718	0.844800364538483	0.000324925452567708
0.819803224480961	0.999998884486703	0.632148635192699	0.0263513587464447
0.52437675128094	0.979811809039564	0.695252552972327	0.00756290467113453
0.916127505330209	0.625560384846015	0.505715009197753	0.0333253035733912
0.714185505963819	0.828927229098011	0.903272928781959	0.00157178182880996
0.920706587393943	0.456807900069125	0.999504794490091	0.00118489943702355
0.189476811935208	0.999995419154378	0.223877205239745	0.214015780365537
0.492180002979183	0.971488536824357	0.269174669801057	0.00711469443206189
0.689595142803519	0.175124872011789	0.0307579900786368	0.00161472447586937
0.608885076810002	0.979235571532075	0.0381584374696809	2.73201064545479e-05
0.962571701406581	0.676704796293341	0.203480646701957	0.000634357095863717
0.95422809468371	0.938592014102954	0.0152586005726752	1.50721997145664e-06
0.596182796870107	0.318759271924333	0.737219540115698	0.0354173308847731
0.992430999490529	0.89804744978486	0.335606238463035	5.65248240444353e-06
0.465595174921186	0.955434086690094	0.125938994945935	0.000376326978637302
0.433548155627196	0.717600111924034	1.59013713710161e-05	0.0268796718998046
0.985809268895606	0.438731267761432	0.621158103875559	0.246417028763024
0.602158623867803	0.564693442254071	0.52976964911431	0.108893490700322
0.782010688293851	0.765493868211854	0.881898945541532	0.000120786532516099
0.933064069802153	0.941783542142636	0.3149451453462	0.0115667715289062
0.925729509406556	0.994529652758923	0.174240885946202	0.888246066571013
0.911846137693023	0.552449163655315	0.616961638077718	0.154017297656827
0.957305036660214	0.973009129143169	0.0865076072491211	5.80157135868018e-09
0.999990125004268	0.046887151376182	0.823772034465041	0.00845552347444679
0.131766904122257	0.999346846410418	0.161875290260047	3.01310434087764e-07
0.991596051955244	0.483122669840709	0.198013583469955	0.00145425171648971
0.840254671097468	0.999996552485338	0.210565114776498	0.000605641248381194
0.906392791333165	0.845597505511352	0.00751184405187846	0.00327951484074345
0.9826827402456	0.9986543608759	0.131785421409572	4.52025506233245e-06
0.978263463700304	0.76201238708597	0.186506510325539	1.77447206308859e-06
0.353981852770705	0.414650746719507	0.00742160015088906	9.99092372434547e-05
0.621840093242477	0.651623112884508	0.125721932038723	0.000492910288535442
0.211761061420734	0.895752294105419	0.722806621514682	8.80900175014813e-07
0.982493008087601	0.588032001968789	3.78883487616255e-05	0.0110406132571381
0.684941816191128	0.999357361283783	0.0757468566453879	0.0358151899008866
0.0372082531949898	0.765130966375236	0.998523920135998	1.94871913075951e-06
0.214777190028697	0.95498331374335	0.296505372815946	0.00250438202875978
0.262630677116315	0.923158693947038	0.646228605381217	0.00180981243289693
0.960248957501539	0.988136697907981	0.199732662654198	0.0502213600976176
0.290268446760177	0.506116878065168	0.402866669321286	0.00271586892326152
0.206277589288019	0.45685936731911	0.397400970630853	0.00910311773414994
0.936387914310954	0.665394969220591	0.88197386412772	0.0150844403607882
0.0522763616081803	0.999993225964572	0.0559001277556947	0.116483820730229
0.387864411452201	0.979808097319004	0.000109297599238501	0.00179664001794096
0.655100425692787	0.995768749727801	0.000108721247491702	0.719338717905825
0.176251135388835	0.903352201348186	0.0484185993333641	0.0639642684730911
0.940518696535036	0.999907878780689	0.885753758141277	0.0373475224019821
0.960390128594131	0.817416622995134	0.985902648309605	0.389414294920807
0.24218738690767	0.742658387434848	0.0196156992267124	9.24658061193798e-08
0.951080633764348	0.323707847531062	0.170748712504058	0.00334459742624175
0.352204829529102	0.978980454855956	5.24388073385006e-05	0.626951031551305
0.998668029383479	0.835833943832236	0.637938462235371	2.49804572774699e-06
0.519064230825351	0.964588618465684	0.830558656510128	0.0053927956877719
0.73908616800355	0.555663368443433	0.582889304156968	0.692390022997623
0.265240176377373	0.746056653969487	0.441597633666205	0.228698405679707
0.973362843459484	0.695548209045009	0.016777915402147	0.0114198081162876
0.736740198564317	0.981792086095007	0.0348061380818082	0.00717520719478127
0.347075079003472	0.880255545550281	0.552179616324828	7.44777965480338e-06
0.628356657800551	0.691225739854388	0.28884393257062	0.00105603158436211
0.991865710394858	0.569046138202212	0.735230802110964	0.141848608355991
0.959599287418559	0.999998817696421	0.565943729460639	0.00253711231691417
0.916859669437321	0.79900058105154	0.838025315817164	0.175773009760207
0.6841344975336	0.490915812453176	0.33219522730539	1.73765525245876e-06
0.976477900922558	0.876904223500237	0.910230756669475	0.00350335086393195
0.205241984006876	0.499703722840397	0.670025768415945	0.100403975067592
0.858213051709534	0.971002635332075	0.0807934726759322	0.00025654494107066
0.904769721936872	0.861704834154789	0.0560008023156376	0.0161483528071243
0.882888555376862	0.762343354545719	0.000596604949368433	2.22219842067375e-05
0.0237443581113006	0.997375078127311	0.000684469859710925	0.000345226705439538
0.356892499590901	0.964574343317212	0.985366091702857	0.34019785369269
0.818690061477887	0.991701222223019	0.677242920064487	0.93644136391793
0.56520943889068	0.654493445875861	0.531859655366446	0.103194362245398
0.0674374563556587	0.99794541920091	0.184011435882324	0.000966880690491862
0.624425149495919	0.14320010502418	0.627368854874928	1.9813634192615e-06
0.864096308704192	0.791111176066448	0.0358507869321659	3.87835851855757e-07
0.228049262174124	0.00154313732555429	0.381551473523039	0.118062868328027
0.746191281173419	0.975956152135861	0.592821436424841	0.00433072875437782
0.531943233586662	0.0825219853433843	0.211681772005217	0.000945408695858915
0.92177248328748	0.0218968127208499	0.0100357370412267	0.488962030447301
0.966319579102039	0.994831140509768	0.546114835367204	0.0106616048289227
0.700324802010336	0.986127843481237	0.231956730421668	7.55563240080104e-07
0.801556880245312	0.989849438415731	0.167610070685793	0.032249749184234
0.976035026217033	0.440353175256659	1.85783606968803e-05	0.0371065404748503
0.921762283680667	0.46732910459581	2.40503930821487e-05	8.69441492044283e-08
0.923477855923455	0.595349194217675	0.0939697279532819	0.00601419528342249
0.218160246268862	0.586522399561325	0.642438720953078	0.000642245245328672
0.65697249150976	0.191959719935417	0.320558582893875	0.0380131728255257
0.872218334597475	0.793564918437918	1.25024096303862e-05	0.949043662623931
0.999623741787312	0.927167257116837	0.0142122066789236	0.0629278131861349
0.866976475421523	0.240117147500213	0.0407266388813124	1.2989559732974e-08
0.971820393915378	0.843460621078897	0.904166445725934	0.000844312726510806
0.56253264418064	0.927248665238125	0.64009617336831	0.0108068586472294
0.136569890326289	0.668697521508753	0.525554015042123	0.0228725395326083
0.742578036094244	0.993825501236085	0.199846454986008	0.0392978809746582
0.480723133916438	0.864705490116866	0.158726215086398	0.0509714006529651
0.0821064898017375	0.996787812977491	0.310253869358648	0.10428845458827
0.96023498189535	0.991631535847252	0.758390862501192	0.000356408684808353
0.919935868578977	0.812031346480574	0.278969044422062	0.0735394984602008
0.749184453529442	0.826974931331131	0.541365098482607	2.10556881066828e-05
0.0401360016471279	0.992545910602567	0.210666140628742	8.78052799178855e-05
0.92768778758277	0.864674374099788	0.241049518875825	0.00901709334098984
0.62768238072661	0.564271810385609	0.209820121972301	0.158961422148346
0.603940639489826	0.450063757668019	0.168964357167672	0.713409204180023
0.905022534396426	0.990005122865055	0.0421513376329615	0.429731512761768
0.575559634516827	0.747847213959431	0.657820437642098	0.320172603270989
0.858778246563747	0.277384906427342	0.114426015514126	0.000610453063000817
0.504353398035376	0.986480482511601	0.863664455968968	0.048320620955512
0.522912376683962	0.875307792860429	0.381829020158196	0.13571211790181
0.818084982824627	0.958747392242901	0.257296537754307	3.67727732795722e-05
0.880923369769765	0.715281932828596	0.378597232348536	0.0968350449353601
0.277341096599693	0.945675061960025	0.655796822182927	0.00108684514978832
0.805388766211691	0.766376241952469	0.217167359096656	0.00308533309654014
0.645626431083937	0.481380626522479	0.137892499423979	0.739579926559999
0.989409620790062	0.981875889340689	0.893856488451434	0.19364861729699
0.104540828559288	0.372716579049803	0.790375399591821	0.0202072074095441
0.781161910379438	0.273561965182618	0.1473838678807	0.0430223331465882
0.882107351136984	0.789542615430261	0.289257853226063	0.0103553356812527
0.848909189109038	0.996376730876351	0.474855574956273	0.0629413149040003
0.0592953095186424	0.998015539568932	0.425267511370881	1.86271859885021e-05
0.432244291095692	0.943290028568022	0.436554837504826	0.0417007884688097
0.15763427587225	0.96496365050757	0.421272734750548	3.33782267633037e-05
0.702468961700903	0.886818090221041	0.538354030234672	0.957598712358539
0.0243406591655277	0.992949928409501	0.0165388900491182	0.00836826708534597
0.426565831178119	0.951730473166457	0.014232221563162	0.00636307050204154
0.516144642622919	0.891441668693141	1.21456884751996e-05	0.0242515673618604
0.756973921454357	0.877666602579698	0.000263909091778765	0.0349885281548666
0.998362156715333	0.990224072369169	0.149256594346068	0.000285040626718392
0.717114243984826	0.985446805930974	0.252000005811525	0.00119166091545616
0.125406706051685	0.283597717595306	0.847536548808816	0.00849728992847281
0.97783412223673	0.99861572227399	0.523435133285753	0.000570580380232507
0.0634188363829534	0.927037745349281	0.0890653248060151	4.64593942088225e-06
0.228233698925746	0.990197680691605	0.22059971487922	0.00770122961431507
0.873147864755075	0.990355650740379	0.488256296066873	0.00344427382439432
0.31455578220328	0.994361141056917	0.0219875598135636	0.000830383796248637
0.974914683703622	0.875508031416972	0.91256349103748	0.0813950793108147
0.795758369657872	0.999792954922407	0.182388109071508	0.0863819488017968
0.916185881567853	0.662450771564002	0.458918696872493	0.0124121018498709
0.807352888020477	0.109069130879314	0.892894155656263	0.00880558938188894
0.032023694949576	0.654789227068198	0.302244095220277	0.163042214350417
0.895347554555043	0.90394447343405	0.338634423272823	0.753571662777925
0.107611991611239	0.695568547191876	0.661754743065698	0.135493231798053
0.51874950461161	0.989582672760113	0.103035729803586	0.155470501280019
0.729780828752539	0.727569381586738	0.886708029493823	0.929426532966199
0.297448835228257	0.795394786716035	0.957892592325628	0.0520871255579709
0.710042388681025	0.461882403999238	0.0918494888561601	0.111435588334294
0.564114235622141	0.998573108274285	0.394382967943698	0.00032335797067853
0.0217826909632946	0.999952002217764	0.0811839328617644	9.87985153795516e-06
0.739903573827414	0.563561530134621	0.145265538104589	0.0693659712388499
0.257718044879716	0.994044186947384	0.981817556456134	0.000568066344427389
0.109471171457168	0.999246257546851	0.0381270496591751	0.0436202976320615
0.845819274874233	0.993480845144418	0.919281367318351	6.59130577712063e-10
0.518661639582382	0.999767185006828	0.169102946514161	0.00454480801308922
0.156276896604419	0.275129732714566	0.0011031759005539	0.164704565414738
0.321257368630378	0.992875372436956	0.968575470506578	0.210186499156838
0.997275411643554	0.99951894729932	0.372354523014443	0.0209388914201595
0.525805740975182	0.900524983626523	0.000233331034644689	0.121424259428029
0.153365137469967	0.892852741381257	0.466481208690018	0.0303080167104609
0.808204163189269	0.971191226261317	0.0593350715411008	0.0052739066324232
0.392635964847643	0.997864554028094	0.353409453980468	0.269819189883
0.328840192772871	0.0873678072866992	0.093131807679225	0.124115739857282
0.0246409313583778	0.999821327858628	0.569125178708435	0.00584106331733417
0.0826427937668865	0.0528314930869664	0.564796746963452	0.0592499654287703
0.9297375590676	0.0174826291427074	0.698723966874297	2.97359597567127e-11
0.0613737146191675	0.999938260933266	0.147168465175152	0.00222295508345445
0.917389498490979	0.707435277200375	0.319568087015697	3.23296223595921e-05
0.641944305523436	0.899523853734658	0.811106658426697	0.00137070649232235
0.72234346255493	0.978494552168174	0.432882764131604	2.0833640518188e-09
0.717090975113197	0.933380863548277	0.312360136537347	0.780879474143052
0.356267144761943	0.998114019628412	0.201054604153449	0.0249619571565127
0.368773372897658	0.715379739009115	0.0027576017346257	0.0822859508361011
0.522534918122349	0.405947571429058	0.0332579958400062	0.00685110027813637
0.993573093799182	0.830457466435403	0.0033550388341563	0.000101380811444904
0.48259948439376	0.878935463676448	0.625700585854064	0.00565582138608652
0.396350664146856	0.631963005091438	0.220068196665996	0.0635942526597288
0.947650617406597	0.843332037567244	0.0701442730576258	4.54682562712874e-05
0.181429741498328	0.996252006996103	0.115893335502159	0.269333471712141
0.984618068101359	0.988467997661745	0.446948607733995	0.0266792417053518
0.864228005723145	0.999603137544944	0.772902150263893	0.000316156344952125
0.686757031534622	0.980689399044057	0.0517220884912707	0.798947460679042
0.914267664165152	0.966704808555622	0.966726797142843	0.018445759793362
0.977763002502454	0.996950561707216	0.126828483122022	0.817155199620876
0.907783721844985	0.683876601016094	0.629344169724377	0.396601546369574
0.981225730182038	0.487349843906719	0.838899472378205	1.03686909827553e-05
0.952336355139214	0.181694102512146	0.300072151774311	0.00592989230664695
0.474649628939035	0.983774638869253	0.740085393429169	0.000432315785551138
0.878672837067488	0.999271293501928	0.0130479733659187	0.0134218357292235
0.220866837637635	0.863370649845171	0.0308096107247251	0.535421072025429
0.358052426719795	0.907949588442249	0.0215568098640751	0.0312622625489219
0.72400067531724	0.973457029879068	1.25888311426033e-05	0.000252189325165364
0.148514235790326	0.418465334185007	0.430057690255589	0.00928112205427406
0.193600114092669	0.732422908479547	0.340514861142527	0.000428536929729001
