X1	X2	X3	X4
0.804743056221865	0.0111651139354285	0.0208872099743367	0.640045715566002
0.690584608947036	0.297792420133649	0.533025199660162	0.115408463678514
0.601760624580183	0.00688046166267583	0.0301461555586353	0.130938460230705
0.76555154907206	0.000125755939112339	0.410224672795176	0.034641471218142
0.708366449435409	2.38071929924559e-06	0.261053294693434	0.30096446313704
0.254110134062279	0.0527516934362088	0.02104438121139	0.856146630434557
0.569103224495453	0.000415649145255992	0.155810646441259	0.326865010115928
0.691419291708694	0.0182944462367843	0.118755821711271	0.510768879120357
0.0596176455338188	0.568445787236562	0.637479460169563	0.946515497528363
0.434188784196691	0.00186904207170684	0.295129673208365	0.175945633750424
0.635692747029672	0.00165718203212298	0.142356941954884	0.86885662616596
0.93679544994821	0.473346889111122	0.175912136222994	0.665936511697316
0.973917197998254	0.0429207542232113	0.709497023219933	0.376402922166965
0.852086878725705	0.000154554022544998	0.810268933129166	0.508679430685119
0.11176082633129	0.461433871996101	0.717833628235026	0.951097575526067
0.26598667143728	0.292317731901752	0.199093840582008	0.228673931087151
0.305224345097966	0.456916908140247	0.643562099824243	0.250760977204258
0.301479277921191	0.00027440174615003	0.203050075316996	0.546402396667523
0.029325724508994	0.0194942708972363	0.112335487347859	0.335280886498633
0.935515104306177	0.00033902292681404	0.000839406400213111	0.00288247721686564
0.858702012248948	0.0873089323415959	0.00710138283503556	0.658239677742535
0.0457837646078363	0.012091234473759	0.228898901692006	0.913078449008911
0.194887123856793	0.0835936435947566	0.159329460416296	0.23492188051202
0.65304787585548	0.00885098736511502	0.160587433543066	0.121343377333651
0.30299491315521	0.11259230564562	0.0217027924011688	0.00687247353219803
0.597042009436639	0.0010934796915785	0.0798485290230503	0.183663602869602
0.760826251374724	0.0658584713385176	0.869700452524426	0.827546324783709
0.397875869756271	0.00121721755707883	0.502609633817897	0.207781988737958
0.75633614248279	0.00593667418643075	0.0814214285577665	0.626898557931052
0.282994625226612	0.00112635069446058	0.717889752358746	0.0383856819568446
0.741452495840765	0.0290636838925864	0.0146392920291962	0.897647474714699
0.458264943944163	2.80864214402329e-06	0.173461299751669	0.490429753889337
0.980224125762402	0.00345706961880019	0.00147208366772454	0.0292686499165621
0.234408032850064	0.364809014806531	0.0371774872481477	0.926548365524151
0.130714553449946	0.00730518662466064	0.0878650681587237	0.146870741856896
0.500415358919254	0.0731833292907838	0.455271365819358	0.164433664742704
0.879998575824375	0.942363217549509	0.517452335040528	0.354644761184961
0.726675008694621	0.000130996645036135	0.169564549159333	0.152901254297669
0.57355590270268	0.000759804832307652	0.0750465247529975	0.990354003715072
0.0805376123929937	0.000233304583487648	0.173062786100098	0.461980131191853
0.520829371254276	0.000580662125120767	0.140327283088936	0.213444644252125
0.797872997962068	7.58632264864327e-05	0.873610224789743	0.766597270471206
0.0550520128370559	0.0170310542076347	0.862003636682603	0.238560048802687
0.150120801672589	0.0353580070266038	0.0134429907274527	0.841736810851596
0.851624403672224	0.0319025805624051	0.05015667812629	0.327890583042769
0.223305129759236	0.000276500469841195	0.0439178430266125	0.387381825166744
0.763727282569552	0.0012821413086037	0.023449114232885	0.64883249236299
0.146542014231004	0.00400013064577992	0.0125119976238623	0.610653798610599
0.622491314942285	0.0240262439289268	0.796199317789208	0.0905175854670399
0.670862902244282	0.000147378477690468	0.0480325034548428	0.311835814915519
0.798517475292125	0.00684560850758795	0.0374924596975215	0.328282422101984
0.551313222943465	0.000137082117753022	0.179083731488023	0.117571440112955
0.463017073753154	0.00930581625986462	0.034100611286689	0.430353887745011
0.914159950854662	0.000795814309024802	0.0634318788209308	0.437940267320829
0.875856202572848	0.22708551730062	0.0209546030529052	0.978381386187235
0.920692028209639	0.0028090495075485	0.238653549664071	0.101093538003096
0.569757228314258	0.047209035732557	0.51188502112533	0.923291124741063
0.808655896536812	4.2784373039298e-05	0.00129933197793014	0.318858739855294
0.719382871667869	6.78581311751974e-05	0.170703816499958	0.129916179016912
0.132158876425011	0.0204538055925692	8.22704523391713e-05	0.0304088776136959
0.573761736758972	0.00669625630985052	0.0615116073962632	0.989009319912869
0.842946683583759	0.0149053013675087	0.0377632388298055	0.323541176710946
0.121827281406578	0.148872969685622	0.360427759287471	0.795064448294588
0.0971645667811069	0.00244769659565536	0.0351974861820483	0.233436251816729
0.350240586601078	0.0161938445787862	0.0351707064089903	0.239287818787749
0.527946677683503	0.02865569268185	0.000981211066704286	0.499252109039115
0.672636474315859	0.0127006448351277	0.231263555802189	0.113804067894669
0.560091172628134	0.739310157027484	0.635015183918868	0.530399744700894
0.611944221343903	0.0269594800839874	0.0231561979886668	0.0113500419465375
0.940608173508687	0.000581406004598209	0.144298138976761	0.161953617697341
0.702043388635486	0.00218032925240538	0.0389199854960613	0.810064589525517
0.538048853348753	0.00971518511380334	0.0747356668885767	0.678745169364233
0.251362547348553	0.0468068553188413	0.0675691953941888	0.785789698963522
0.613326713140002	0.000537208950240197	0.805753496991205	0.895492807285106
0.457961278387321	0.00931433877555564	0.484653684615989	0.0968527741399729
0.90386458507739	0.337200362068548	0.48137485688121	0.254250503045806
0.971300339766748	0.00245512850651734	0.0276029514253993	0.847008726447076
0.810652586962217	0.133506157958999	0.00399348738081984	0.134184742182765
0.445171056065337	0.000657814529995381	0.100155912495523	0.802540274111602
0.79970027593403	0.00662860952147728	0.298775565619585	0.664010934333877
0.573887026709738	0.00105198348843378	0.000996638994932262	0.824821191585322
0.130913808589511	0.00974678139747649	0.00283987337259364	0.773188899611394
0.0959619581635683	0.00030668286477729	0.0975483606754622	0.106477109088684
0.232005313305533	0.00837409484780995	0.44840627717914	0.233844891055371
0.610030731414869	0.00506218393304389	0.321655602243184	0.707238696312115
0.647214958773872	0.00789576319643347	0.0014316179290416	0.899373027138161
0.165135812793553	3.48584931062e-05	0.0484086278007602	0.275514347069261
0.820372640073535	0.00855258466193834	0.19482184593224	0.178264927175693
0.880552762700204	0.435151165888339	0.107920680858553	0.0894155762244902
0.136115565934853	0.00155947032455353	0.191199052333459	0.0756860171196824
0.865494156714171	0.000926557582690041	8.36639606537384e-05	0.216899932312768
0.46741407448562	0.0375693382565001	0.0559742684717601	0.736801720564393
0.761126104363487	3.54102444675894e-06	0.0015787177360186	0.554306971639837
0.345757192964529	3.0875679806174e-08	0.162190395739659	0.243935120301595
0.634452775303346	0.000788753569153404	0.100871042345066	0.2011770400726
0.835102534930278	0.000291342228693032	0.186871568489667	0.727071496756637
0.719029478080261	0.00106235924301321	0.996388092613904	0.342650615035455
0.0704146705811093	1.50342149591173e-05	0.00433183988643416	0.348083863072926
0.267185118572866	0.239031606895172	0.0406711191547866	0.485882662348192
0.119957729964706	0.000373397515995906	0.47040919904982	0.0643458546438589
0.880242367740973	0.0174637808483721	0.266637546398602	0.0508373447077605
0.762015927445895	0.0738156494976378	0.0591090731302716	0.103695164338263
0.256299763756772	0.00506387013970641	0.115126384128276	0.927773873876703
0.953730840952594	0.013139972583494	0.0400785558298044	0.0824533704471541
0.141085653632963	0.0021204363515627	0.052111752368866	0.0627350123654765
0.71333270900094	0.0387059687886409	0.00376171639809374	0.0948635517935339
0.680572555857438	7.16967399495834e-05	0.0890291813172337	0.199209655301272
0.306008918025151	0.0945894394033149	0.169535017461638	0.899536800577075
0.559376364496592	0.0262445975656608	0.00331532479625502	0.527599996191098
0.0505439729234718	0.0702762647989229	0.0171133711484747	0.721430233421157
0.716005774502183	0.000334937131381085	0.000885167199256856	0.308054913809235
0.782990667864511	0.00363186296824469	0.0174696234103669	0.662796427895667
0.90254210273049	0.0018792438269981	0.00568725143470779	0.987454730903822
0.583494812413485	0.0210871005188485	0.283894844845744	0.909410714603014
0.228463214966391	1.13069159246365e-06	0.273121692628181	0.206502423017301
0.416517008766902	0.0190912662476673	0.24168170180527	0.123852030344222
0.364888353438286	0.00426724670597328	0.240835507875208	0.0852466071454893
0.279769869621888	0.0144986595572095	0.000940034626338626	0.908193536438672
0.896511345709881	0.0234753553893133	0.0092610588897441	0.81924209799546
0.934066635158281	5.28156205774499e-07	0.000578791025517004	0.0961667862265955
0.462848899661917	0.00654844646238542	0.000407780284865819	0.72003367525494
0.502400404959558	0.0138608221856336	0.000223490859732889	0.738930293193971
0.480713290980805	0.064197280002056	0.00405692540465565	0.385830804629591
0.636919027199096	0.00047662017869523	0.0171989533155714	0.968396841722508
0.770643133860523	0.816738067846171	0.142921577922281	0.904887313741938
0.541184575324693	0.00368522189136261	0.00873567981284636	0.368518319725903
0.97465031977834	0.039413291820107	0.00306376746621365	0.954346816256591
0.596362076138707	0.00364772808969137	0.0818784583813329	0.702345554052568
0.568101659919719	0.147255764578357	0.0446748473240283	0.159742244045204
0.608711289561381	0.00424728704427587	0.0284745452345319	0.764953677961139
0.991358500824058	0.0404780920457981	0.00224370652350373	0.830711908211588
0.287992441885884	0.000153638382754317	0.00165239754399993	0.0814232933388965
0.645034091471572	0.685804856018781	0.00580244911449264	0.849061699023504
0.103357812508447	0.000823716848292258	0.0032305865635162	0.129553502537833
0.319573851970317	0.0230097384169783	0.149990428066452	0.32132298816816
0.0469061983601359	0.0128561131457536	0.0837975319395215	0.948957247724269
0.703108056813044	0.224707799500682	0.288326406443097	0.983651192696571
0.960746507386441	0.156198493244403	0.0729000780431687	0.565410346398462
0.936250823817641	0.543316854163028	0.627923624012909	0.0701186479553712
0.369169080588555	0.00111476496576702	0.0011403558434878	0.763782124552865
0.278287512075373	0.00459812207846233	0.973591153001022	0.486764066910073
0.513684515216637	0.0233081042492995	0.45347202217943	0.184383684204761
0.637226615318278	0.000215532247631019	0.00228123756967902	0.402815027301896
0.727890657363609	0.000196861462878917	0.0808421040225686	0.359936130286546
0.926441962685904	0.0398164107564719	0.136042103372436	0.984968310856668
0.982641224571096	0.0535893937603431	0.566077889836451	0.693146883628977
0.727780865563508	0.00221109724622043	0.33906945306411	0.996943146805873
0.948583889433876	0.111891227136984	0.0733361120282834	0.678442286725927
0.500280184107132	0.0213471948418632	0.205973319256147	0.737609182388067
0.600726000174552	0.00796886659036944	0.670149858054638	0.375585849483257
0.416909411308007	0.000949132694835613	0.0211161533750511	0.000297783074909307
0.984356794783712	0.23280521524587	0.00941882233939107	0.245723046060697
0.258823116049915	0.0928032522056344	0.239211366467393	0.999998881395033
0.971141505135475	0.00732132621197346	0.760425784588859	0.157847109378266
0.617134357855284	0.00183369334206207	0.00276566043504549	0.994537672541563
0.718633020485953	5.46534515443955e-05	0.028701023264482	0.0833401252493104
0.395287119078389	0.0016481792638576	0.0541899765876007	0.470584330112375
0.831587574297436	0.0246217009107723	0.889386743790244	0.272650678837062
0.251860333615837	0.000124080830809833	0.00620192816111914	0.493497595998234
0.812453335342525	0.112091528021884	0.186168180623836	0.38990255579804
0.945948460499248	0.000388397047936467	0.464966863794655	0.0483624906698424
0.805731408523211	0.000130891875990395	0.0499620274120115	0.440684651969388
0.468944417080008	0.0794317118344708	0.00379398005423174	0.571187447941796
0.180291718762108	0.00909607291758517	0.00218577420622151	0.249091571374884
0.209452848271243	8.80558436515073e-06	0.0579484101374608	0.476047926834055
0.588735957402507	0.00349678326976337	0.102583195857226	0.260307640432176
0.485752678119036	0.00827072984710429	0.153222892044177	0.846490249476066
0.856752282767988	0.00885912062929064	0.0196073288198222	0.244120200732441
0.789315220495251	0.00176932246183	0.0327349210363215	0.128773458317552
0.324213528416647	0.0156644659189835	0.219627040967153	0.341249126174024
0.650970687689779	0.0813282882646651	0.532588338427225	0.196317454699166
0.51243541985009	0.000598500465494019	0.187768711021859	0.993379130041532
0.759728606217905	0.160988981224885	0.526011923985299	0.833171994858277
0.131971108504508	0.000476380009966507	0.00161151810652171	0.873496424729828
0.99925002224768	0.0278503253962409	0.515136852457056	0.129605861379711
0.575568086807818	0.00909584837501122	0.337891108757851	0.539248692709613
0.382048403802235	0.000364720114915208	0.0992754933121688	0.00986115804282269
0.991703264592348	0.184773183434563	0.0219601290799641	0.67891556273027
0.995013830140863	0.258951828884138	0.111891491866075	0.472206593224298
0.878369573588872	0.0299685079596468	0.0166111739977056	0.0301345293913828
0.964193685081283	0.00625035783734644	0.0664790084809709	0.997725417103476
0.889609832135879	6.20187739252613e-05	0.00137073114811184	0.945543904409169
0.360362258658314	0.000814447811565824	0.19270976176135	0.792369323245778
0.355444940177625	0.000323418413731954	0.044802208408503	0.193689610238967
0.692270363982872	0.271962512749755	0.0639545476800083	0.0140225718280805
0.0921116376436	9.9727776257552e-05	0.0143435424273581	0.0707038609420247
0.777916821812875	0.00599682282098984	0.0012989882340025	0.00037856333553865
0.219606605861734	0.415940232620989	0.00094937119298717	0.116155224047642
0.737047990897179	0.0033467664849293	0.0148251964490245	0.126738663137822
0.136527614385291	0.474383445141042	0.134266312647117	0.615563037395179
0.591319668314663	0.0367582871980082	0.547887264951297	0.0377848953051071
0.686822423811907	4.60671894732556e-05	0.000329285206709559	0.0581069845621531
0.124135510341475	0.00472879644663945	0.205418844619484	0.0487002944578359
0.894671140667112	0.0421468096886616	0.00966679423890079	0.119672617330249
0.733784280087765	0.000922010498240071	0.0155763183038274	0.623075485344603
0.752716352099624	0.199049935716934	0.411337109171267	0.326205279697539
0.161021034088434	3.08932574954345e-05	0.283112216748038	0.858257268017683
0.503165730237579	2.44920900272372e-06	0.0908260854345558	0.881623849447165
0.933272086698734	2.2114438162469e-05	0.0204576254601401	0.939813953282414
0.558940907910108	0.0542636233651973	0.0507146385734281	0.888570506907896
0.902994518304508	0.0215453823612622	0.609943799416596	0.720171062808208
0.435544357230414	0.00642650017966968	0.123500072656442	0.856420523553902
0.21703940542346	0.00398689051844513	0.0712236720813448	0.485092964793495
0.867553993528793	0.55780399703747	0.00505577346243234	0.0563124777478597
0.336062105294666	0.203867729597692	0.00385153077679264	0.0129700157284657
0.948052589010088	0.0113566019225489	0.0517796587001282	0.277940139053694
0.543174252567832	5.53981736754856e-05	0.000589071835877211	0.0992888180350273
0.545185298953112	0.601011322429095	0.381739040863818	0.8274314672469
0.552690525425486	0.30377272479633	0.0781577674618035	0.848560053030673
0.813795618991064	0.000130387933805785	0.0983960546894149	0.0577194014651452
0.804682497202885	0.248907769618599	0.00886128368469346	0.451349912381856
0.224665352317555	0.0804378920261399	0.110699945773576	0.267578706110672
0.338176740406963	0.194874322598056	0.190513079162203	0.142239715387406
0.991745798215891	0.186522987471821	0.273874668702958	0.898864229301437
0.783480303341071	0.000209123980737751	0.017479565184344	0.633886866745314
0.027006481127473	0.0320826476800725	0.393598323184418	0.989989035898177
0.963477357352328	0.0387428248466244	0.00183868836600292	0.655051481253949
0.544886917032061	0.843139801345782	0.135592862033156	0.327145983111913
0.176065601270858	0.340264491086977	0.290013037378396	0.0867111606158994
0.942200517460463	0.234425912329807	0.256215473589046	0.423649400747376
0.0760956085302681	0.111089165438409	0.0190216702362736	0.317008031809094
0.824844552202589	0.000402574360651465	0.0071335606705333	0.329494113912689
0.020281377473317	0.0287481809724381	0.00141379363065126	0.886102863006276
0.309244787724569	0.00699994559984976	0.0332786602953103	0.0210722529006587
0.24620713742049	0.00241220596402339	1.90462011907669e-05	0.792371163015583
0.503691501465493	0.352227441593533	0.0855956902871259	0.373396220293523
0.388830740685406	0.000532595833226444	0.00297641611145885	0.710645450186596
0.476706573886268	0.0689346761477101	0.000401962952290979	0.00583984787874913
0.256376972820394	0.0562308752357039	0.00681604954142457	0.823249418204287
0.811969677225003	0.00750470400833475	0.0821354228079636	0.509211167887191
0.0333444291080143	0.015763761683541	0.12891018620057	0.106906734094626
0.656245206521979	0.0224505293556106	0.618842173753423	0.119337000430082
0.640978915723881	0.0346792303261778	0.0688139615648193	0.0134664006229361
0.725711287521873	0.00453459593519282	0.0125145586920289	0.503665184002101
0.628410410404938	0.000340253807637667	0.0632470107716169	0.224245689186185
0.581810139082257	0.373130349509283	0.0185451801232122	0.655604906167783
0.628075889285222	0.00358675950840868	0.00735594814580573	0.910910439003665
0.124418772559517	0.0135155592821867	0.0587683462165136	0.933497980374099
0.901782586225856	1.22052041260162e-05	0.0161735272790844	0.326707196627779
0.293043121908341	1.08886062900971e-05	0.260965703558017	0.531980994350228
0.547712307217708	0.00727284018404994	0.301948875300344	0.199743987375602
0.703364922610148	0.00706447128943641	0.000299355724972811	0.435437968571034
0.751607077440504	0.00618322864051937	0.127995073412206	0.311307721953643
0.271886454244531	1.00995917283859e-05	0.248869920731558	0.3408541122721
0.450185713304154	0.0408602398982835	0.0902358558353379	0.268014609928914
0.493133183723726	0.0174229804476388	0.216544992760781	0.237104924966693
0.592995547293266	0.00444721092347659	0.00821426696234346	0.687827212199062
0.620174125703951	0.0164709245681745	0.261251829817967	0.745320899869392
0.8256731644708	0.0874159410719222	0.0335281580628634	0.379988248696951
0.663003120613001	0.219117204027914	0.000797396300920227	0.945961467353294
0.675482073123839	0.0490999782605767	0.00956244569453965	0.0365279909705988
0.0934941546217647	0.0017269723244367	0.0708518862352897	0.168856541034366
0.937656951135341	0.0222703362206513	0.0127913407263585	0.209890563781227
0.289645703026819	0.0626521837262207	0.118529580355239	0.0706991109975051
0.475807511961962	0.0212300129308613	0.0147283557336748	0.132920810116867
0.517254391981191	0.00136503830722718	0.269235032665339	0.262726412325757
0.289075172759805	0.00875333254426496	0.189125808109875	0.849170895071753
0.722668884206387	0.00032243849620102	0.000968901190883012	0.544944586462921
0.12225762492888	0.000727376293571816	0.00269880928437508	0.583561953214318
0.901974873647399	5.55860917683993e-06	0.000940638839758567	0.263637573294483
0.503731805755789	0.0118836141185744	0.0553267074562612	0.00548172716025116
0.335308365051242	0.00834366835987453	0.174537179559025	0.98634871838455
0.994863761010601	0.0190281005689401	0.0896349983629714	0.896004680633387
0.644988387924189	7.69454486280761e-06	0.614597349057114	0.641002433606537
0.753639394526592	0.00125912803856822	0.456927301871227	0.513632307533314
0.646390928862081	0.16292461773295	0.000767320376747157	0.108539276096331
0.84482171743557	4.32498761541442e-05	0.000606458789027202	0.15436215324432
0.848153731188722	2.79210092637849e-06	0.490364750549075	0.324740242717762
0.015981867850052	0.00394496556654758	0.0138601815472648	0.277909220660553
0.438250352300915	0.00436335020138652	0.23650489238872	0.551148804592406
0.999760263809396	4.03642096473051e-07	0.11206183673793	0.0158578279258647
0.123163200888372	0.00536759975796214	0.357855194354303	0.566021313103892
0.270898679620176	4.9908119988544e-05	0.08225067585186	0.882071942225154
0.433808644250207	0.0415298982390268	0.0029181412732468	0.190560457048765
0.115316944531089	0.000645165726289129	0.315790524612219	0.47401445151531
0.939810386411483	0.0165258425702463	0.918214065963324	0.278803801971517
0.339707976972098	0.000654182298855089	0.715690948268553	0.746311968109243
0.563336523096183	0.0147704939652591	0.0418383599251006	0.379629392139579
0.786168722991881	0.457230186246933	0.285002743868252	0.224496611212627
0.147520159102573	0.00144057241402096	0.668450134969336	0.76800879452863
0.94007971751694	0.00569036649134964	0.0485715033685773	0.746413404201976
0.97858438074557	0.339169543742051	0.00208148078252643	0.728928661471237
0.999417329105456	0.0214820791936096	0.0493115296221008	0.992983470285861
0.513219586848956	0.000250303636841382	0.152751759138146	0.00478803864654093
0.5410693895581	0.00690793015066829	0.0509403796144905	0.828380771250579
0.398406324368987	0.0116261155147571	0.00728351760586731	0.999844044080971
0.023128476859701	0.00186150208593362	0.251423946363842	0.0165662659085411
0.817308604250855	0.157307276399687	0.0660482608867885	0.000386529306875743
0.484566949988688	0.109884758173456	0.261313906114735	0.388488696439852
0.991516829023809	0.78587328227072	0.338277675227023	0.0754394831232199
0.947703983767781	0.134516311823116	0.00661514133911075	0.387409696201346
0.0933342116203366	0.0774639756235798	0.216357407323021	0.0340805405737665
0.929243822315497	0.169647202125218	0.603223462023401	0.59132772143914
0.958021306004885	0.000870466348636834	0.00442885760620014	0.555406805114507
0.104080720718327	2.96128999883493e-05	0.537252706815757	0.943282971161604
0.196886341833409	0.00292261334714911	0.106560771699281	0.376281604352717
0.246859627880445	0.0262848785546545	0.0546796392365918	0.64195143195184
0.652852465238268	0.0210151892445188	0.000208538095139568	0.753379872019544
0.880014613790948	0.000238427211600248	0.929146166885692	0.471196858793079
0.905799357896628	0.342668970455365	0.010202128327948	0.48245620640622
0.123057566154521	3.94648272389591e-05	0.0250616157059329	0.371779936190693
0.421083817456208	0.218389052705664	0.38391648982925	0.779504557814144
0.984492948696249	5.98209626518851e-06	0.00962708689436168	0.715009163649454
0.576698920138006	0.567070108187748	0.284588050686417	0.553727524078193
0.720189203597677	0.0246738816561221	0.178980609641134	0.539877304702433
0.0285760780377364	0.000163013019710516	0.502739844518312	0.518860025478481
0.391628164058481	0.0235605113774124	0.0190055076923505	0.083454068364428
0.102495412246795	0.455519356358837	0.000432036428827964	0.927050418312528
0.868330890761102	0.00296568213305487	0.71771636909258	0.657603139174878
0.970509352404634	0.0647065661281209	0.123808401608575	0.0701607578315785
0.170307955502972	0.000221218109618382	0.0233350775084435	0.0849751269150106
0.624632799818095	1.2407618285365e-07	0.0223493877160347	0.568935410465759
0.806077988982924	0.000139378659368976	0.342870096270973	0.913592460357586
0.406754765058773	0.0649008622268348	0.0599477234512697	0.765665095218092
0.511184819746714	0.00204256222498058	0.161645988540309	0.159163832128914
0.887800166293477	9.7623773615877e-05	0.0129262102124104	0.00226238110715982
0.669033734370936	0.0370663485043433	0.0274462392537868	0.0454864687582578
0.557279438071441	0.0164181288484825	0.0103328384274615	0.00518101168045915
0.506456261446283	3.1132816849183e-06	0.00307875830208199	0.94357953539885
0.960113946114778	3.83004414219706e-07	0.042901058316614	0.432727401147518
0.209367075302419	0.000587467671460374	0.00188957834074162	0.293789377740111
0.716080113924617	0.0222909667358487	0.335580801573794	0.0664234681378316
0.392891865713157	0.00046295212191951	0.127338840306784	0.83626134568897
0.131315607140942	0.00445698178097052	0.129304481700808	0.925385306213008
0.876587079147076	0.000240607905578453	0.604979268797507	0.221652779962937
0.294501394300178	0.000732051992199636	0.197430744208167	0.00130445300707621
0.346278582085821	0.138424553192279	0.0915895543218786	0.756404885885391
0.988461875727974	0.003867391394631	0.338552993915442	0.255252252267797
0.994564121404453	0.00182087084266725	0.0146636386757587	0.287723235211039
0.996603636632378	0.00546798699447016	0.13998691094789	0.234488392177938
0.845740838756681	0.0190342965743863	0.000692399340713521	0.0393379135317503
0.373561554841966	6.2783457224189e-05	0.0182271689556942	0.0401724391374996
0.606747661280661	0.00443289868999219	0.000207360738433898	0.586720663011035
0.732423237889763	0.0035405983061537	0.488725713084798	0.287899064918856
0.0541092252166609	0.126317314495187	0.0127444151167539	0.361160739897508
0.651587246832357	0.0127741239890791	0.0459732392763554	0.322857825695936
0.426422821641201	0.0426255562505909	0.821247987315717	0.904623831988521
0.811399576306996	0.00278277440920034	0.00108941111116527	0.84757509682219
0.183295528424382	0.0146175539917012	0.3731199233375	0.724630575174245
0.0571466959673146	0.368309525687957	0.188322030249268	0.0517670702999267
0.871848699033996	0.0842206658232839	0.00451064289127753	0.809957310821256
0.334412299443172	0.0608280544789718	0.21181477954427	0.977282550907691
0.761986335221285	0.0447476038936325	0.237875767955001	0.0218758525864487
0.0194435210444836	0.000519059456649634	0.0623111175482533	0.245988986168552
0.245068906119555	0.000982960224360023	0.149386100289032	0.944480835641005
0.404183143928925	0.00103020830767263	0.00168774894388054	0.598710272608239
0.758880100259514	0.25735324371433	0.000158423686060034	0.817895185142827
0.0341069812308004	0.00611858567499172	0.0480320435601846	0.56600960211807
0.761050755595918	0.00902170436628151	0.00097067340879768	0.356663458865855
0.664669669579676	9.52040053494656e-05	0.409067069163154	0.729911729505959
0.958806465080825	0.0124093802201923	0.781398473079479	0.266887708143385
0.180619125230765	7.51275862730479e-05	0.216081263746565	0.764482444567622
0.820759129707681	0.0154264735689551	0.338846092871351	0.9035456487252
0.636983279368003	0.000120333111299152	0.339167702360784	0.0245030143620917
0.565941036667809	0.199890925364171	0.0161055484126142	0.205702225732376
0.85818982985795	0.00163423965129725	0.192531774433438	0.429806304100752
0.521027833316377	0.240993631232844	0.122604681109449	0.153239507464492
0.613171831763734	0.0171110747665077	0.104322345019028	0.24141818220679
0.676195972520134	2.84130492151496e-05	0.177174304987973	0.877243615987882
0.966160705633036	0.00350097398268213	0.216279102925439	0.665353803243048
0.756752664477532	0.31653024774178	0.0113307006385205	0.327527935036779
0.344046781093272	0.00176353676617537	0.0679090044356008	0.135413391075269
0.869484447069439	2.73130904864758e-05	0.303097627805277	0.946809432991126
0.382509949092893	0.000164115689465129	0.16555687924767	0.0763799024274436
0.553048049434333	0.00611297505073343	0.280532215615606	0.384761799337882
0.587934105209522	0.509705220473385	0.435063044122867	0.0852500864224863
0.236663379852012	0.00216958999986004	0.616587946908518	0.768880656743147
0.0404731599953147	5.53593041701717e-05	0.0314698108891494	0.720922138552068
0.421123070518652	0.032018195735869	0.264272503848472	0.910775924356837
0.0467606172118157	0.13154963076394	0.78058316054757	0.184849580802475
0.953787758102642	0.00127629204258079	0.19949453330917	0.774570815738186
0.726156351887201	0.00082311179115389	0.00542560304173031	0.0424613019569412
0.798774187849967	0.000227112558669032	0.000246876583699646	0.830650543364856
0.965081486247892	0.0821627244728693	0.0624600956241212	0.00655121772443118
0.886232731168023	0.00663952338990251	0.0628329691504995	0.129482194131892
0.512404533193818	0.00674822068803968	0.000920716784150072	0.0037786182150079
0.805312842778005	7.64979889536741e-05	0.874630610809629	0.859759766181081
0.848692006778958	0.0091041412941108	0.0885529979092033	0.236816455366357
0.736165252043337	0.00223068330795145	0.000192650207587374	0.0724421736609285
0.144438832505223	0.00656385499345123	0.00485572200320999	0.0795659506516429
0.835925181212551	0.0155010926119378	0.194630970434675	0.0208407468754978
0.877234825903499	0.00170380796162441	0.176344168375578	0.135639507839515
0.826824875315931	1.77569112592085e-05	0.0173508740787995	0.470725945453156
0.6282952506496	0.039207828701049	0.0829401409394479	0.0177984766237678
0.738976266129116	3.76058351125874e-05	0.160058518884182	0.976223774476013
0.982263103447958	0.101271583593772	0.262985572560041	0.751183446626211
0.156943906217126	0.0332194814021507	0.000536753773068058	0.810962152805535
0.220253615641806	6.42180663236871e-05	0.355918221385109	0.770641056011419
0.0473957337284176	0.0228872770288484	0.989361730757479	0.338171253016393
0.907823837553288	0.00240722405689153	0.00210158076430295	0.782810801683012
0.833284471013181	2.91721949381118e-07	0.3789155837131	0.20487035678998
0.283097281062414	2.84582725095594e-05	0.110555086778609	0.765644630951554
0.287631908224911	0.000449577244511683	0.136112956205566	0.440798386138369
0.0623292979308514	0.0181290472668813	0.0931395196496648	0.0646809370039354
0.695748527017589	0.000218698098258629	0.00186423097462247	0.766531991910949
0.272026912482617	0.00368194699842865	0.0270176086462415	0.770026533840918
0.325552408554717	0.366913994126428	0.450589418333807	0.90352485835568
0.326567995030082	1.92158767216752e-05	0.286783169935643	0.199702495491514
0.212528490132515	0.0317681977804672	0.232507309816478	0.170530327539326
0.745578418321418	0.0385038925022669	0.0262752537986289	0.650314693902853
0.133058573842482	0.0421664154949429	0.552517445537523	0.0171722312973809
0.662848581738703	0.0575413436673635	0.671788176406925	0.0201812589319919
0.735779352312629	0.00015295034705143	0.0114544813528394	0.948396402454105
0.332507334403782	0.162845784789764	0.0127177741817676	0.0629350273591702
0.999330073985997	0.0134840774223858	0.0905308892629248	0.688428689467577
0.060930944069913	0.0286807948845219	0.343328422095726	0.192237093866495
0.515179758503662	4.02229297369133e-05	0.169152998731752	0.0651256621487518
0.931717386242102	0.124795091663587	0.0699853736870425	0.148820467963228
0.998849254866312	0.0454569200104725	0.107590481968162	0.660836646296527
0.645263169647451	0.0472778114339323	0.399925611389034	0.739503189535147
0.381029973982976	0.00302779703203333	0.0112397906481544	0.232772138524318
0.961473827817256	0.0956323374545005	0.0268777319869077	0.766169454576077
0.0857990458752755	0.0436353767409447	0.437042773574232	0.903386777276666
0.661568839545716	0.120536121821955	0.314367806097839	0.0180969363575038
0.0560316364999215	0.0250361589820525	0.121246846837062	0.840650322343133
0.289543297259275	0.004879541958034	0.304506129758785	0.40505232038715
0.55976057960163	3.71532685173661e-05	0.273372683837998	0.390507520290292
0.0941108495726091	0.532824938074708	0.000671441281867575	0.139473359175101
0.936517021991491	0.000718320842477141	0.225606516453874	0.805267647079858
0.937179157230014	0.0463170139624125	1.38811942774277e-05	0.730377126816522
0.0760153437903111	0.0503419750525151	0.0153649820657122	0.674070171493703
0.703049666350682	0.00488346622721924	0.382819252103538	0.764315891177024
0.639796020438873	0.0171894751690992	0.0233986667565451	0.939164797525456
0.93582890053225	0.0133531663362378	0.00956726550788159	0.917692356540055
0.485230239652679	0.000473376443250411	0.0364298708520662	0.310253357253745
0.250245668737509	8.24259317978426e-05	0.0434868166161854	0.934528203852926
0.988029712526712	0.00808292548465127	0.272933954749807	0.504682200035623
0.978168571016474	0.000813710188356964	0.0711833573822347	0.532994782463628
0.697885319029594	0.419897490870121	0.0510834656204345	0.50298907236693
0.213488083060903	0.0849069478407324	0.666029163232391	0.521182292643035
0.99817609450351	0.0751420159546447	0.711829465566933	0.994510643944671
0.842484672759804	0.755660830739232	0.000527394360529618	0.464837365617872
0.999339405209711	2.37113132776408e-05	0.445691978904052	0.197544833842788
0.470750740019768	0.00579463989394349	0.202181973436058	0.0580676268194123
0.312781729338834	0.17570459164217	0.15397082347523	0.290402632693137
0.240357146256707	0.000242405545991629	0.475680000594933	0.12393409098782
0.796978799441486	0.238347844075044	0.0453725925111197	0.940071209960575
0.654967397008776	0.00747129827896631	0.0263976110960985	0.361323267448427
0.429439106466724	1.36437415696495e-05	0.0562574750438381	0.0854677157327278
0.27712293974868	0.327711266958376	0.0179082829640588	0.689157828037569
0.0290679894578132	2.97027762558132e-06	0.00698283142764613	0.518299759894456
0.0215524799616152	0.000134717407703064	0.080220622306161	0.877386730774412
0.0455145675953048	0.00417161190613297	0.228592770916099	0.529012875062593
0.857982352628347	0.00272494765682712	0.319294854151978	0.722169627417089
0.617350355457699	0.15570214395378	0.0295306077926485	0.849357734073054
0.565472692592352	5.30105199001789e-05	0.0209208715316649	0.0692733396820032
0.352584786638412	5.01469203247174e-07	0.131944247620864	0.697363455113219
0.506080819874097	0.00753311414952532	0.56729049953149	0.833586156445899
0.846439711113627	0.00359443292950802	0.133283887509307	0.316371622723139
0.365509894880265	0.000121376602738363	0.000486372982950831	0.200299092800984
0.500148141857989	0.657312228964571	0.27432126314364	0.683184708678614
0.311529024509693	0.221106956484008	0.544348229713394	0.0872881080346933
0.352497667205911	0.0343314028901112	0.0770910613713035	0.100577635998451
0.0229911912592547	0.000165369945386916	0.000334295153591143	0.186903942174813
0.520845457919357	0.00523636852641843	0.182919586552815	0.292249376988709
0.89414566959952	0.0448818218590087	0.0188720301117862	0.423902735626027
0.759321631140284	0.0572767030322267	0.0249710376538803	0.841963731170404
0.500039763819975	0.00229837740970533	0.0749801955466264	0.318824111262095
0.856476510446127	0.34580450174026	0.00559206532557162	0.824117663539422
0.654445989009735	0.021918415127679	0.0041679264247659	0.52968094027792
0.0382919118231033	3.44211212610695e-05	0.000413734226272984	0.0639123463736643
0.800001063018473	0.00450086014624864	0.528835776499153	0.411587571914435
0.537032852131237	0.000162507234415848	0.0467936823327322	0.261097144370659
0.584857410197755	5.55970737697777e-07	0.0130551108912905	0.0581239060023574
0.618091909092959	2.70246733668951e-05	0.880112605756581	0.282174837382508
0.712846685182509	0.0256688946077429	0.54460535212092	0.238212402710819
0.599935312461028	0.810977961302458	0.0755889373170543	0.451363961599139
0.490665636159318	2.46610768415731e-05	0.000691594750038007	0.0879368120216528
0.680020579637262	0.000445200525004601	0.762881785273339	0.450694568303377
0.979857805393158	0.0460755706730658	0.104990905645032	0.697089077662424
0.361110095348022	0.00846946571039397	0.0273183679355743	0.828077941031637
0.396885121162863	0.218751432584102	0.0169793151620088	0.999232768110521
0.141596432082935	0.0024482640306469	0.000114164997211884	0.198158161035594
0.630120992043055	0.15156567139458	0.626946868614391	0.14562656607482
0.746140442670877	0.294855679203099	0.0150304191137298	0.354102417192805
0.384305929544104	0.00358929109512756	0.498275932635624	0.858157382144626
0.846479212423096	0.0023904744546803	0.000365582628765522	0.192341121869883
0.481372992356421	0.00285490067344476	0.000171070278715621	0.0561410215516375
0.606062710360416	0.00298219668835331	0.193862374964764	0.624895379930862
0.153021919217258	0.23190822767322	0.0148365034895539	0.0185217016472108
0.525115332826927	0.000355375453459353	0.000531117909405822	0.228586846639914
0.541860033467855	0.00546094670645496	0.834208758693126	0.525280555367272
0.767488434782547	0.0241449843324545	0.266256270941402	0.467130981504785
0.882547391526181	0.000822127816100199	0.0289482210663046	0.465609047362916
0.132962922518535	0.00146092504362551	0.0198912839829959	0.362999839286094
0.840732663732552	0.324870745070115	0.765084372768587	0.0559839577478997
0.875146369852655	2.63710445326038e-08	0.0117225662466688	0.282994825573612
0.900967692644975	0.0236624907054114	0.0216664076001618	0.70997545277759
0.918442164185305	0.00472574187580916	7.03814275165284e-05	0.000877848599452863
0.0131442811678378	0.0711240667034977	0.0602175375272314	0.884797125990348
0.691422335127501	0.040433971597122	0.402231344684602	0.718290960663347
0.53492683859554	0.0969698567940027	0.0400000230886856	0.351885652634153
0.367482944620575	0.72621573022552	0.00673753397708855	0.679139854302081
0.485323847995097	0.446199527037593	0.00114075845427131	0.613173086169158
0.951282938249397	0.00654577918023754	0.146379728113694	0.998213156300572
0.932201293816516	0.012673828271956	0.287676723715842	0.033855005474386
0.905355663145794	0.0724036429198288	8.62122264287881e-05	0.0829983861117414
0.172132522342927	0.000311213582134088	0.273064191786577	0.81863930417803
0.480146925924405	0.00162985679612816	0.256597460401748	0.0910196861955252
0.900617089074653	0.00248985676698556	0.0981585206048631	0.420421215024239
0.743546926045261	0.964108770882529	0.0179147052731544	0.30400350113322
0.936261289636548	0.0279210012017554	0.0370759368829629	0.565382238201685
0.974075721070925	0.00174569544166936	0.0660085411238748	0.741256428480512
0.920886671353768	0.165475805343824	0.057467296325245	0.215285894256384
0.961640813131173	0.000112226431633583	0.00067875900897966	0.399586442631782
0.351328949621426	0.537967336096893	0.0111862649539169	0.172204500063416
0.274861137597068	0.0024093813316786	0.0249480335157565	0.097165528180904
0.999216345303207	0.000221249094260052	0.101464818210515	0.107092311994283
0.937018000092753	0.363512058566516	0.374399608493794	0.207902984802452
0.70628784475388	0.249695176007396	0.474732230376909	0.477984780080869
0.113172032644682	0.0910822586247931	0.0138980784820511	0.202753101028296
0.894934664451808	0.0604802252750186	0.182402229560865	0.0600585504703845
0.998714983807325	0.0121944215061133	0.00182658477956596	0.802496410543077
0.665017023402351	0.000465808758377435	0.0618804322441626	0.954591125945309
0.130947412149153	0.00308836005121202	0.0957016590025524	0.106043111775384
0.838461410230382	9.26697870283245e-06	0.153005147389359	0.810141800984243
0.643187399557337	0.00106210449298961	0.0392539076700623	0.755070503504973
0.613702189287314	0.00102723721762756	0.918252196798575	0.993108111058781
0.762216330873841	0.0365529760916025	0.34229185958398	0.0812650911739147
0.880909927322829	0.00145478312012823	0.0297125271663284	0.0763643762066302
0.0433306311580642	0.00514091652829664	0.000974327523072995	0.616859026353831
0.462857563680421	0.0820762899782243	0.00144648939217682	0.532894548577344
0.954486534128926	0.00620646099890267	0.00328217871640741	0.946376372525217
0.172202542022211	0.15372955174387	0.01367456452342	0.0436140030960861
0.616833107819464	0.255013255376955	0.952778117895381	0.482814851797387
0.318448712995271	0.00442054320788371	0.000730868736618887	0.224171056227473
0.998665214419986	0.000426587564680225	0.0170225573485212	0.323225675144019
0.342538094418392	0.138280636895504	0.0990182991242656	0.703994693143814
0.351598452824481	0.0137822593008048	0.00870191626185626	0.109695580974902
0.426026557660949	0.00158708600649336	0.041973742605099	0.553105804420508
0.801444436236267	0.122891075458178	0.30097069949809	0.0720180224255254
0.796861965873137	0.0278664640181017	0.0369092459751393	0.999979827706221
0.768371174324681	0.000589293103024022	0.00121602895544352	0.396576498928561
0.344064583209153	0.0223387237091197	0.00200857165507681	0.821637963625937
0.0991653137536987	0.000158993317936777	0.00460390736304496	0.981069855265607
0.682594591882721	0.00255286632997797	0.0860735787830644	0.622566828338793
0.070180622329388	0.0622033884344712	0.84136943750356	0.0102090670387564
0.94475229047441	0.0318013137797036	0.0604332976428326	0.477987421769044
0.679712093600748	0.0428905845399746	0.0887818099839987	0.476917313857743
0.246226456868051	4.87161238155597e-07	0.0336413487293829	0.657449624922503
0.600221762739414	0.0471775235362747	0.0205754792939369	0.0217747707518525
0.00606490749985689	0.00842119929120898	0.00252273702592254	0.200696773365076
0.666924131710852	0.0801989516391777	0.0151895059694717	0.983087861427996
0.759705776664723	0.036655007743899	0.0323271257532931	0.8001041321179
0.490691454011163	0.174697136692983	0.0584542522501812	0.998045299487505
0.103832025274367	0.0311143109548988	0.229426807844722	0.0716414470951562
0.829617028579022	0.00548781175629876	0.744228871386369	0.522080017373442
0.496878029556389	0.00100509158056165	0.00200875633310205	0.441127169837224
0.622955192363445	0.0459857676882094	5.86516705911598e-05	0.0996728793824653
0.679671520933878	0.00153975403656217	0.0511362979639818	0.486054465574257
0.868356163362283	0.0995670601110988	0.610971414951413	0.105772388302669
0.925132129948987	0.0353186358117982	0.0903383790354302	0.378324500894136
0.83030249267053	4.60389775348504e-06	0.259887219950659	0.998887094777004
0.929477869614626	0.0470375017115214	1.63005544324405e-05	0.701717212154731
0.754266702825268	0.736825512053193	0.0202573240398856	0.734365897055971
0.884442847852558	3.65396322305184e-05	0.106507795750819	0.787573204921935
0.719712912784765	0.105464791346616	0.0022888920785996	0.360400804267806
0.444203558388328	0.000394288954871386	0.492104019691462	0.696565810499551
0.838829255523497	0.0753771313384599	0.250363610967843	0.406660009794485
0.268907225739346	3.54825226202348e-07	0.0676014045323241	0.808945754976065
0.971007462601737	0.0155402875368328	0.00445283001022634	0.369311812130797
0.935370672143869	0.0714723057665373	0.462369833507188	0.404405797847409
0.987475346850174	0.556764528578079	0.000691200487017861	0.934179249161993
0.473470407937131	0.0262300425770835	0.690969837810572	0.233847748395735
0.51573903395375	0.0330888007792554	0.0134989328670548	0.508097693917842
0.0741878187489683	0.161095041394009	0.029465174082649	0.4785582697234
0.483210466537716	0.916809597112547	0.627505597860575	0.722693845614907
0.459418521839865	0.0309206149095894	0.143863241721295	0.71690389989801
0.0695646784759639	0.0155475160684704	0.0640861277589866	0.0308766912005451
0.810704650674594	0.419096616934801	0.675266119045977	0.464619514071696
0.97113302855588	0.0207667329002422	0.0530993402170893	0.971190165991141
0.0641631811584407	0.00344435552690127	0.708719325484763	0.742657325902514
0.0666554884504124	0.207370747542933	0.0448732147012028	0.386616162601087
0.717859331605752	6.69154630539836e-06	0.00177980151666287	0.0135795132349883
0.159285078249925	1.3734742860954e-05	0.900271724363795	0.98204490348605
0.44960253790488	0.000175893097676989	0.0122274271279459	0.345537547069712
0.73607082431942	0.0409596444707924	0.723071898593883	0.44149496722081
0.145170802496378	0.00166520607783733	0.0245498621623822	0.0994464730696526
0.792366183664084	0.00799859177665006	0.148250120180911	0.0731498604754574
0.965709946348423	0.000112947406845626	0.00138238818036564	0.52907993181652
0.541899255644543	0.17540325908687	0.640341046738179	0.190613721626849
0.487781428462127	0.451057052872916	0.00411154216732587	0.252392762236684
0.286667936052499	0.0204870614170252	0.0123930269257542	0.18942589866433
0.556608401174681	0.000359724979116349	0.515347314162113	0.43676046617956
0.561246634421535	0.00130244796200912	0.156591306445572	0.137501744839523
0.973486472746328	0.0324835977716466	0.406563257329069	0.4626716276485
0.729480920995231	0.00970543096764635	0.0380541783302068	0.620307600120491
0.742937623972808	0.00266151752171781	0.841047201484527	0.746144345557512
0.126168395141275	0.000783959120400323	0.251417242776268	0.176419989524547
0.531419144197048	0.0475761728656846	0.0222274292495217	0.912575166957515
0.455836434915059	0.115842165141913	0.419350863819405	0.59899791088838
0.942098128495791	0.000689271142871489	0.152713675916758	0.0312554144398014
0.924837850498086	0.000769280815292361	0.00369773546016803	0.0962318124142163
0.202551716583747	0.480578758722674	0.0633662962398692	0.58714465518177
0.367239248109403	0.138041391953103	0.00677375550904889	0.424037416519375
0.0371124866319369	0.00550644359300826	0.00935650823148709	0.604181333747417
0.323227490070574	0.00456305917329222	0.000297663951084227	0.749399019251016
0.458255002285219	0.000795171072553134	0.854698093953357	0.922899814989949
0.20139626403926	0.00256734903974981	0.0470356140588329	0.887712311493327
0.26629294022175	0.672208193161674	0.355137110264145	0.558197275682963
0.339104567456647	0.0265531650385608	0.36385816710361	0.107133815759423
0.676016331868955	0.284847388627679	0.0168063025732707	0.865913410002236
0.357195406058865	0.000109529927370931	0.125193091200706	0.467059192213669
0.838609475774528	0.0223028989028667	0.0959336525942259	0.955980400016008
0.515124270777343	0.0174020119864899	0.282941679532906	0.748883672075437
0.581027635042498	0.0117908737426416	0.431726563448153	0.534659280976369
0.466227012745943	0.129081408831964	0.0349292005556064	0.132345352115614
0.119864434836206	0.00325054227549751	0.0171453823812442	0.00908438626278032
0.22655471308409	0.0164098348749436	0.338861074767705	0.81196800990192
0.930166926854821	0.220914230629959	0.0172886590082298	0.48820321907693
0.170501691324988	0.0229840138024502	0.998174522274378	0.538322897366686
0.436627507624267	0.000375685478580416	0.0339319651251617	0.60096031664981
0.00558978997883133	0.279234862901057	0.0436048254259975	0.0984519246620185
0.126964515097607	0.00108884356058216	0.11315149986537	0.414241492802939
0.903995217789394	3.38666470927941e-05	0.0102988498212168	0.35945065605258
0.569963913871725	0.0935724652721314	0.93377652547983	0.538638216871969
0.68302306230075	0.0343463174932813	0.143939878280331	0.353163726724977
0.680283754798635	0.0399637584059815	0.138240944554618	0.0634982298401731
0.523104353157104	0.00397432324861197	0.477602506666211	0.729924010404872
0.502083377573982	0.0023184833070075	0.0990740371319409	0.306795636845221
0.771578038889111	0.000976912378331102	0.555972447825907	0.755032496323353
0.775689302936138	0.0241411800602457	0.0218388820647062	0.269143257383526
0.059039105477592	0.196197806795844	0.0811499498011147	0.870278275649686
0.11543913915082	0.0528178725732826	0.00306413745830774	0.118562207141305
0.974499764587392	0.0751282736383849	0.000331508433761186	0.897258391863459
0.537281753385357	1.78047242419037e-05	0.0116481191891383	0.0834235847449387
0.495559071959678	0.0023948458222906	0.00976396784208276	0.331785157551594
0.995166794874229	0.0372327720610565	0.103491541716218	0.629412473334052
0.155224527479679	0.00834202236841537	0.0148840863976896	0.667582466603762
0.709569438837514	0.0487256299841469	0.215882837962655	0.396611411093077
0.412049096537614	0.0230745734749186	0.0039274277177616	0.581858728259365
0.794462231365296	0.0422385073334712	0.00346735760112284	0.223669606039328
0.987733958073447	0.0039601292053245	0.0105756384567252	0.359841466432822
0.252264321941118	0.0288199718777171	0.221414077913245	0.996761834938598
0.528274317922983	0.00131191100926448	0.286072086364355	0.947365298092558
0.48072797724894	0.00228920071520865	0.186918323023634	0.16765114415309
0.931102271633094	0.00623298852316755	0.0214377284638954	0.186963624353438
0.678687334436997	0.000397405199881771	0.0165128278587408	0.311523090499014
0.31337951047543	0.00166852444414439	0.680548162697562	0.169461802700197
0.95670899139665	0.0522451065303071	0.333984089486192	0.961544197510425
0.0772969135489606	0.027518160902701	0.233015519932114	0.582221443249996
0.437839216513804	0.0269630283360331	0.506600100704806	0.186815603479009
0.134069814411116	0.000161742907373355	0.244117394684281	0.255110149233401
0.979791778670353	0.270289292492552	0.305951888486646	0.243365827384325
0.92520283197773	0.0611572834125221	0.694528325765016	0.738324420646107
0.26182780093818	0.43970180225625	0.80404660180134	0.958706681487345
0.838315648977972	0.000339039757287073	0.000434463959059672	0.760202924337674
0.076955520085426	0.00241350267508473	0.77170796572974	0.582150417832363
0.417022211013903	1.07910974202692e-05	0.340080066043133	0.743880776362133
0.953244522296823	0.218528578501591	0.142817825772043	0.999160511361907
0.761457647531294	0.012572270737576	0.24135501139318	0.791682029194117
0.947710034802204	0.0600612441138251	0.181172997223097	0.963303688864172
0.0827483654788468	0.00189427742250415	9.12882990203567e-07	0.866569392209866
0.961902344598722	0.0683074603896483	0.0133924717522248	0.269169385966791
0.121753172197632	0.296509642924485	0.187297522101617	0.0494626233163414
0.188213940298404	0.00042236279850041	0.0728940123962029	0.0217222031436199
0.587087439503913	0.333905499932155	0.324641321445779	0.23997226842742
0.211740224903914	0.000172598509317656	0.0755175180480301	0.595162712385388
0.453674536244553	0.000979339547184838	0.0180596989964753	0.431251018564355
0.800320105918701	0.12951323944448	0.200692294069382	0.0110945914032279
0.280826669470689	0.635121473611907	0.305728487769666	0.744493441883008
0.833874316289084	0.217095462642821	0.00149240440293285	0.699225263274555
0.673332354450695	0.00301471628216236	0.0511055463943701	0.0863804782071748
0.451440537530546	0.00971088255864537	0.393526737164405	0.493948260385007
0.591946659295564	0.0135917564514754	0.697008227631989	0.388810575461161
0.287837867832719	0.184256443486101	0.701322693278474	0.131859420571786
0.773826936770621	0.116328979661408	0.0917283904282883	0.0201251305647327
0.132908477683167	0.00533570928653246	0.0195973729026961	0.382697499113911
0.080757063514402	0.00794799193541415	0.00622165784847195	0.638738601779431
0.887844486919771	0.149758339671219	0.139956593752244	0.509009727921856
0.837175851082785	0.0450842732791771	0.745683092774714	0.292776099230714
0.803740291815542	0.143034691789283	0.102040759455667	0.0586780663966513
0.321090036091326	4.720145092368e-05	0.19809958600535	0.151813477769056
0.117226379021158	0.00137492201396935	0.000480960290966503	0.737442582711263
0.907850694238539	0.00564973780065284	0.200648774463377	0.141550364623261
0.955169189606209	0.229294214317171	0.000700939669783328	0.419509140649093
0.293817854324262	0.00174443172070547	0.0477231779501245	0.481478751646661
0.507553486922	0.0901606547892474	0.0323749629228165	0.24511455868759
0.802236950083113	0.0772458013349809	0.251529033267295	0.0640060488390665
0.222103628608065	0.0411829294705288	0.160300804194515	0.994623572331718
0.188769660956672	0.00167223330078242	0.420248764136669	0.0217314347002729
0.4997406704686	0.00108210274648154	0.00605500951802148	0.865517159114806
0.925828479303695	0.0511418472069467	0.0202994380713003	0.393315940744205
0.677052972922323	0.372447738092552	0.036039374437169	0.880042025563454
0.229348289452448	0.00176194915298763	0.235635803621611	0.297532582667973
0.387087091520469	0.198792924567606	0.00311465363530751	0.0920446099948637
0.0434079076864669	0.000203986782632475	0.109847621624399	0.53818433130896
0.325980748606774	5.27781739184803e-06	0.00572028389971228	0.513206712048238
0.554519104499022	0.130198141714148	0.0307839397395757	0.916093514144129
0.224222116500094	0.0126800300977387	0.328292486098098	0.901803349729068
0.608487365203652	0.065417240371821	0.427088463237433	0.959846539061378
0.993869717196126	0.216472576549196	0.97950683551082	0.122823639942252
0.789822378269973	0.00311125944153151	0.00396312403577564	0.803315037546134
0.935810052413632	0.00578326478281693	0.0446322188789524	0.647390459647735
0.79070303180169	0.0170388608252064	0.275886616463064	0.498059260808974
0.496192564157673	0.00222508797918188	0.335765663536293	0.991276302033755
0.697905696298572	0.0508726531633443	0.0301327203332341	0.167927923126948
0.954274613836702	0.0450283506083725	0.26876968900493	0.12273625701997
0.809672616361235	0.101684059901933	0.603198323591538	0.786267899770478
0.0648438777062022	0.236723218761687	0.590557131350202	0.553634607765814
0.200782088245025	0.0312709896556825	0.596532231752099	0.552926553208604
0.030729374104104	0.0344841447993997	0.00305812561217095	0.536462644490292
0.821090105074521	0.00638226154561867	0.0540937233837662	0.185512033768357
0.962726299981397	0.00335215721482518	0.0147985322725577	0.604315783569684
0.639430880539489	0.0100471766465393	0.00303017075092958	0.29824916248574
0.755596639254599	0.131252145859604	0.00344905957954117	0.0286560619011191
0.358221658758279	0.112321485674854	0.00882240759537071	0.703136791643898
0.149234183262688	0.00885391727271972	0.0144861884794301	0.0373368060492907
0.766385704574223	0.00948735559258067	0.308784509681623	0.0858085027129024
0.70810720379515	2.74653815372962e-05	0.41557043062453	0.719388380639672
0.4783467921867	5.27090165666323e-07	0.381050514185821	0.648846692792422
0.496777757647187	0.0975724321160437	0.10401428859051	0.291396778955254
0.847829817406062	0.000222983950231963	0.00710789036952383	0.418927463767317
0.996301538381575	0.000832550519816268	0.00402678967967036	0.226244211684865
0.659499893475532	0.000125780397031021	0.00786882768119342	0.68575155073743
0.667651228128986	0.00083631793932042	0.0439603187085123	0.0903570102757385
0.30714733528776	0.00360994098498969	0.0734242476824326	0.00702103832739984
0.647523170418284	0.00727877241785672	0.00434991170526986	0.133253717964535
0.97645655882005	0.000228761931315851	0.0759800417802616	0.719250203962693
0.0619762805426605	0.000457788179050404	0.02747583674953	0.325348708208601
0.976642215763168	0.00303711440214455	0.0193821669495514	0.525504429560034
0.793830246419578	0.0645308455398704	0.118667050657278	0.290822312619222
0.683581112614537	0.000911022336038332	0.679629176441505	0.374215232780253
0.692704028159293	0.0732290967490664	0.143318170694811	0.985519109815622
0.420853210953613	0.0147407668899981	0.0208855305532561	0.247471733603972
0.819051692751053	2.88938306456172e-05	0.157609298453296	0.25734950247867
0.676468514684185	0.182913318307663	0.39475956142503	0.382219688492519
0.944885682232873	0.00563692723476152	0.000394908857693496	0.404411890181685
0.716701702422885	9.90956929919916e-05	0.0110502386324338	0.86002677713754
0.565932774434431	0.00776262404279772	0.0907837722446076	0.0619361036618296
0.0865303234184959	0.00791746983773857	0.166572767293693	0.775624891809034
0.050374214915434	0.0945876102711196	0.775310069042741	0.63667221375662
0.425396263491256	0.162472632978851	0.0119770170025132	0.675110116636407
0.915253391509357	0.265681056134401	0.0577783457446021	0.0177859111565185
0.986636186212816	0.522956118123568	0.507788376154135	0.174943302190878
0.50312445492658	0.717769951073403	0.458139805255563	0.0290241480412649
0.526735942374427	0.0253951157417828	0.0380569333048673	0.237758967589642
0.547530089576291	0.132816910114327	0.220237428900337	0.10849639006876
0.69300615415032	0.0015316629084139	0.153133431555114	0.0154469264011335
0.0445784923003251	0.000129580424757385	0.301922474071473	0.138871534686862
0.994998124153576	0.0153086684775848	0.0942990896322548	0.840320612586828
0.973137622332762	0.0109488441641899	0.442402756192263	0.431499827551733
0.197351221229765	0.231367661339229	0.020675561074427	0.107127194986541
0.177628809146696	2.72649612498091e-06	0.253201883380327	0.0304934070986462
0.922747956893082	0.0263929999495321	0.00310239471253146	0.595720699435675
0.936393888406765	0.0146319820305515	0.0294038732720607	0.62541730870946
0.86113750645324	0.0488100292267639	0.61085837739777	0.912217436745296
0.316254575427806	6.96113750652461e-08	0.0157167005598062	0.347465900314964
0.130082250188747	0.243576191415113	0.000533638337793911	0.817715281240189
0.426541860648653	0.0686769224216084	0.765275031039121	0.541156348440569
0.886137616676681	0.000811746684151424	0.0564734682173528	0.856441931106952
0.677277441003933	0.026925544499117	0.278068154718771	0.694660178898598
0.0977816883002939	0.102622264284131	0.00040600797063365	0.953875968628338
0.998429705539659	0.0177807516850801	0.163740721490607	0.431530528562118
0.361747559112105	7.92340272283594e-06	0.252173652976061	0.980918324188395
0.343001332100034	0.0055023588864651	0.385608639615487	0.100292205506283
0.313036110355382	0.000792130644856745	0.208192401487398	0.280108715917387
0.84305216927346	1.21126880343811e-05	0.000231441078725784	0.862565982415373
0.446405538105527	0.176197109421345	0.0131466890532007	0.469330162688533
0.256466748878232	0.0490419056242351	0.247935446190446	0.861525968225431
0.126098431714553	0.0687534408949674	0.275796541982764	0.220493444386282
0.445270263611099	0.00351577149859858	0.213064442491092	0.0592310090461179
0.438245169296463	2.37579583210579e-06	0.0860052867959946	0.7369165745371
0.236628079917627	0.0635268874146499	0.2989140968977	0.0193944056703164
0.699123122371003	0.384299940727174	0.02294408563328	0.622720790873855
0.775429273453888	8.35436741628691e-06	0.614859552250179	0.488337979042876
0.847943102192418	0.16513767917717	0.370413163914626	0.575008433938936
0.0947965444945484	0.0163906968510965	0.00334934476001669	0.151286153166944
0.250596345418266	1.53973527160775e-05	0.00871069194187573	0.173991659211989
0.61672620735004	0.0634319764627082	0.490845169715255	0.160327654888928
0.101607376712465	0.0261380704994078	0.00626589294223787	0.837521883621819
0.469977338737075	0.0736155708204141	0.00444145873918612	0.974513712807345
0.977894080841108	0.00116583897807329	0.0907042017675598	0.742967986997899
0.550891805032311	0.000173797933180427	0.0121327525432997	0.208544674451692
0.542858314938976	0.000808864252001738	0.000836384842335785	9.54311186297734e-05
0.135902911950461	0.00315912989136956	0.00984503090383996	0.905294750810579
0.312211221276873	0.00494630162693773	0.129597121543451	0.942888316246701
0.964255211275367	0.000372469856684527	0.263976337411737	0.794878989818511
0.794108259025985	0.0592001030178939	0.020109065607605	0.557337645606848
0.617973796374552	0.00397412855246588	0.960270880881091	0.916824993932917
0.0334547122480416	0.000406219450418319	0.0231432861082783	0.932994064632106
0.0185036241542454	0.00201202068105328	0.208011958807758	0.763773029331957
0.727077990267074	0.0204208010508771	0.0294618929323777	0.645951919538205
0.0470829918502651	0.00339280043799405	0.000751779988453231	0.502682427336638
0.685378674464918	0.239570683197838	0.0575923010743301	0.380537397484153
0.0756518202709849	0.00126153595766665	0.0395909000343354	0.745322953034946
0.477105243297158	0.00177858927184332	0.00102631608135579	0.895228575360302
0.55226747355666	0.587405318245247	0.00341541956856206	0.000350129653848914
0.690904809800984	0.000774017001647285	0.0425129970202402	0.776466341553982
0.927398881548939	0.00644440429486928	0.108002308604056	0.079964289969333
0.441740564449645	0.0258129684414206	0.619142648574667	0.256507343620483
0.561505864685324	0.32811939604429	0.279980751269663	0.0488150911523529
0.350063429189826	0.0187990445614727	0.00712087678928457	0.249448714778466
0.782997203384535	0.0442083481935194	0.395121789139862	0.841336615098348
0.253920295623213	0.0275961180124407	0.371444137966469	0.0793900236240396
0.393887336250147	8.06837696411634e-05	0.00445772804172725	0.164026209453525
0.968238541829546	0.0019359240151814	0.0720885645209224	0.331365246730533
0.0363893711007429	0.0975338770521064	0.0238488367770775	0.0465975635709524
0.740933198445624	0.222053685781474	0.226949407180257	0.181784398414244
0.00181299855803586	0.00123737294801663	0.148601907569468	0.243346847354616
0.848453053080147	4.15134692866705e-05	0.527827592061631	0.852781207356227
0.345964274479985	8.68519780172404e-05	0.505278472485966	0.416873305086501
0.952539892956297	0.129926489741199	0.0167020443864618	0.10679178592694
0.988628948626674	0.000358762824794146	0.646618038371731	0.261149039480754
0.525982278799217	0.000736284994123523	0.0115426847774879	0.986192496720444
0.187510375653273	8.49036794560462e-06	0.0330459921638083	0.931152816142885
0.133419348261428	0.00964007163107352	0.422002311896165	0.737260553191059
0.166011578963168	0.0635036444106278	0.0933530607442481	0.390554975426908
0.0190221961895919	0.355689547762045	3.56839691147463e-06	0.208872389055584
0.193925416003551	0.00337283050768192	0.312715122151737	0.476281150042728
0.608176095697693	0.000147047849584522	0.0881540488327778	0.792075217212663
0.882182465964055	0.0121248181961076	0.827602628616566	0.675862516803988
0.962329378526219	0.0220703421732736	0.0199370469832239	0.0579504687104473
0.58229235573585	0.000136428001003055	0.123932626060123	0.651962329600917
0.949425630587536	0.000149537431280049	0.47716985900627	0.879483065976499
0.149644493889453	0.00105985529322061	0.0123998098022621	0.084936679303313
0.289931641313977	0.000111049804147999	0.000480203814071841	0.684421158501906
0.597070334377492	0.024657659189154	0.03268744365488	0.187056497765517
0.0798774044082105	0.0050056719155851	0.0192431718318868	0.31454606038377
0.995967995697098	0.0188679580338247	0.10650690726573	0.000302662881140923
0.191293558475913	0.00612191650262453	0.045959722952849	0.778363134937592
0.177579144317441	0.0366496038018286	0.0268441527644278	0.473654287436999
0.33433374333744	0.185368967880271	0.113796249793362	0.0429315249923808
0.914581249594979	0.000167782524423204	0.27417695162803	0.0374846850072921
0.354144502531011	0.000295264291334748	0.00352596311329579	0.381368899100982
0.39084192836498	0.146109900996498	0.114292095000431	0.578263184190588
0.699869429868387	0.0413882382083618	0.050598672622717	0.790984026082107
0.799528386924712	0.91365831019222	0.386133992412453	0.806637926681149
0.432831756352874	0.337946506530481	0.191642036751182	0.0378778349507919
0.72035407028516	0.0609563380317221	0.304082072199745	0.605897727436575
0.699175390162701	0.447593987188149	0.763020587228082	0.175643232188127
0.64607003606772	0.0215278723852751	0.000103192791390696	0.767420218258651
0.947412251275977	0.00400576402495048	0.0161361377262399	0.211967311066686
0.57642244392031	1.67140785313385e-05	0.038097042406554	0.727152784202917
0.169669252452383	0.230863883973091	0.731235553056857	0.28459430209971
0.517471362633343	0.0111234229590368	0.00477039616354888	0.0467566518892363
0.558675108604109	0.00738994471614085	0.480920794496866	0.186018591114421
0.504078209290221	3.8300853840429e-05	0.0418224825744189	0.232815321290723
0.771205765613144	0.00106645879011905	0.443277387596568	0.0813799115863475
0.0963540942059598	0.0589221205942312	0.563785348583414	0.364359799203688
0.467386054010466	0.0983869508819044	0.0412094552182592	0.542931416010416
0.965037590631974	0.346051937773614	0.572270661319512	0.361860879661089
0.596489366733783	0.185831783726455	0.0172293037301255	0.0791068696022058
0.669271056211288	0.0185145910379709	0.203430137206181	0.845724031644073
0.733352258274942	0.00480214048720604	0.0218661885224416	0.948167821086888
0.207386891385441	0.337340714691401	0.0192109077634336	0.925531208416991
0.507804788386362	0.0620904003830154	0.0519079039614876	0.778269314824645
0.267324676280907	4.27486385574725e-06	0.0237786716122746	0.557576861308514
0.46569539244172	0.202983028931065	0.173256226905752	0.782992402175984
0.640164881202893	4.45937306318659e-05	0.00467258223957565	0.505349290658006
0.809101043606576	0.00781609792717763	0.0256133970367217	0.266292101277824
0.167512299071071	0.0291295244892417	0.0181212543225973	0.632344477534175
0.802090351876613	0.473819736504254	0.311658273918329	0.836743509341219
0.982687198522369	0.0011096577954579	0.581763352741591	0.524125523290722
0.791100299554382	0.0161651619923329	0.0139197033349036	0.480705185115759
0.363890375943047	0.00125656150978456	0.882796255067064	0.92057443713248
0.53158855265434	0.000144735001045393	0.000840099389101337	0.915662908994929
0.862251455281025	7.4549456916776e-05	0.0324977894160252	0.679042019843551
0.977476316900582	0.838095739834163	0.507864264420238	0.117271001852367
0.541832169495289	0.00137107566860057	0.521722695258846	0.676108217258904
0.0922608275143238	0.194011668553098	0.0692255061582075	0.218260895118584
0.338510577595132	0.000194833205340111	0.919874862122953	0.0624149117907
0.532164134745671	0.00138357918028096	0.191373985679125	0.961064797643673
0.95251421024563	0.216879516358929	0.769907453088317	0.245327756632626
0.0786149144969495	2.81967862628512e-05	0.623155920003952	0.652058181668819
0.363947144310624	0.0648121952317274	0.662609497620656	0.421672545013115
0.693804271052295	0.188914115932673	0.000758463167893675	0.385516308883427
0.974044645790966	0.0038583509195998	0.00964214365226068	0.952912465479822
0.774354384593775	0.00888514651873889	0.382290854311975	0.225440363703222
0.134465475285425	0.00025538693954788	0.327668091364006	0.782389890616551
0.82789440329099	0.000160433868035278	0.180547203053738	0.640432998689351
0.200937870245793	0.00884756162422686	0.410293990153769	0.0123164790457397
0.70114029416259	0.000122010749727039	0.302206862136819	0.524722477782796
0.665047104634357	0.593453293205381	0.846322238198498	0.785134507943091
0.822283374877164	0.000847330753097154	0.0600392404203362	0.960884970881562
0.46394271481854	0.0016313590710342	0.0379603603880718	0.23796430802768
0.965369220118126	0.099797164866881	0.0153598810195379	0.167237312837318
0.564233604038034	0.00842160455590432	0.132218981429851	0.818575801398957
0.670977913142246	0.0284893338780138	0.23413456537078	0.566616468449867
0.110927323791617	0.241569764594243	0.230776705043581	0.329113322882762
0.32729971078184	0.0411142552747189	0.00669665771358109	0.0245202850961417
0.623302762226328	0.00148323803173495	0.372864408555347	0.409588539103922
0.26252607526339	0.000529542843803082	0.0678444133743278	0.923805981470609
0.44982948960355	0.00162692908697934	0.000503154441855086	0.836452294886598
0.989833647508143	0.168404658187512	0.000169358792488129	0.823629515547191
0.933073736307509	0.0832732186031938	8.23824269176006e-05	0.142575054485397
0.934744347054668	0.00854362980245161	0.779595788760084	0.0657385959359464
0.0883199827233664	0.00652600748841309	0.011702047262816	0.925310022032299
0.488048323948863	0.0553647170959726	0.0212643696651467	0.755554685542457
0.628577354342471	0.115594351852688	0.149103287076659	0.022799625851986
0.899746620899512	0.00661654662318638	0.000640820769390133	0.330129172566855
0.290276795178497	0.0037518016970063	0.349817645895141	0.846359563326488
0.451507620664171	0.560565051232628	0.172701284685292	0.45499810417623
0.829552842174196	0.000569159769281277	0.000196362205365918	0.285913155548886
0.346086282854708	2.95974820462693e-05	0.00331372554806163	0.308618670981264
0.350063182254382	0.00959198715251459	0.512569820920702	0.686326496720661
0.789572518621152	0.00682471287704436	0.00102473670666708	0.552426356715048
0.830889345239455	7.36225144521842e-06	0.0923169008810158	0.500018015944461
0.584698704259114	0.000311656895909341	0.0257546303747056	0.511365837724362
0.980193639211026	0.133592592872641	0.0481849166837008	0.560923293881812
0.0737350663538056	0.0544216349299225	0.273040604702789	0.874704913834185
0.212160438704129	0.0131643018305086	0.510682912597419	0.970727745783862
0.693517132741213	0.0320677963991855	0.28580342258904	0.315189467803742
0.744281726275468	0.00701628536515084	0.0242501267713093	0.895770910658488
0.824695036636193	0.902028700051313	0.273898893157718	0.0906490174683337
0.81281409049407	0.110238362379045	0.220937738674756	0.0359393796191343
0.438133606244466	0.000233442567600278	0.0704108182268234	0.0397772770515798
0.552218629012445	8.41376255639823e-05	0.118368043913322	0.821188821548601
0.341130195938063	1.01145511569774e-05	0.0688201849658855	0.312931376330886
0.381678036814971	0.230673643859083	0.0386497740946989	0.286632894805562
0.0799220937277698	0.249444173117581	0.210062150021368	0.47195000475406
0.510921366336766	0.00024566112063839	0.0561859476970289	0.113441822088872
0.760727848652883	4.72930174970819e-08	0.094780511209868	0.773658633420594
0.624513364471813	0.0670637289979861	0.737642654655604	0.0585593607395779
0.58066544440257	0.0018647471227677	0.00396249522964421	0.979179672996257
0.0884671361903891	0.102042952544566	0.773035566225952	0.492254718577389
0.444265336030549	0.00529658437360598	0.140532747078733	0.573085247432037
0.687488538452226	1.30087520594979e-06	0.011525088932458	0.407829250216001
0.872875743923905	0.00203518335581725	0.414511214182068	0.221176345085372
0.0781160852425382	0.0226846966351507	0.00212783492828641	0.447836985822951
0.331724950539943	0.210174519696678	0.127821049733563	0.355191986678904
0.958660928050854	0.00795543570058629	0.106147060427152	0.118144161222524
0.0174899430473461	0.185803823082603	0.000305485708789196	0.679614248935766
0.0250188735462762	0.00886473167147095	0.92288101776657	0.289053158390703
0.389435124161799	0.113636756888704	0.726164095014211	0.819801365070268
0.871343966506177	0.16660562574806	0.00590631550388095	0.768003550479975
0.541379689910396	0.000204181767721297	0.00198647638715626	0.332471577243603
0.795614970876331	0.106282129687083	0.000547072415106661	0.145457480304559
0.913894110784596	0.018550456328727	0.0488382327137974	0.971146480950238
0.924807430206982	0.00499578810086568	0.0248573892854403	0.105162002808909
0.963883141209615	0.348325473113603	0.000757511054779252	0.615712456968062
0.688307897094327	0.0826492526871318	0.0768534216514769	0.757354360043687
0.942718619288911	0.0252105503109717	0.405732278815655	0.0820921262068777
0.416132596393876	0.273166186746936	0.303785547347406	0.329987455097694
0.956055328898116	0.162847375532588	0.533762775403242	0.133820768897749
0.977742823054601	0.00029054666071248	0.0022603865070826	0.694071943218962
0.605295640928532	0.00374864222886258	0.0362326177372276	0.341851766568702
0.289292727130277	0.000402230795578323	0.0280685591800265	0.493487777693797
0.959350541055761	0.0208056693450643	0.104980858535448	0.928182453154439
0.566107134759081	0.131842370343568	0.0947887854252776	0.119785168399691
0.742802871784183	0.0985113484430748	0.267279109710642	0.0818970234633166
0.471038303412141	0.00922359854451068	0.00570946999026311	0.524931687970938
0.66120715009263	0.000683220424080959	0.00692043613733264	0.796059541326619
0.495824874423124	0.0036861382134363	0.0358560020495562	0.69930896073798
0.361805471642625	0.238448162134199	0.0434898792974981	0.302275653468304
0.726404673921917	0.00536147844328654	0.258708112889317	0.0778096353571787
0.676129989069643	0.165829512690032	0.0124156636073029	0.732989132123523
0.178884311892046	0.103151923889165	0.412556583802707	0.698600704534168
0.731259422227388	0.0885351791624244	0.409141150099935	0.0458657696201735
0.00351920939290965	0.00032728975084533	0.559355416018022	0.334529059784932
0.866270346980528	0.0386765181789055	0.000680174781975478	0.386780573882308
0.499291490572284	0.00258713275680792	0.926618691313118	0.0725455839142024
0.636147627242181	0.00161020550488484	0.134242156708662	0.443654930326247
0.132653749770399	0.0120732326956486	0.0853165430484033	0.3475251369211
0.763727710830656	0.923863519650293	0.104539739508973	0.208586383536811
0.816365273435211	0.00737066078261172	7.01241283822332e-05	0.493654495948899
0.994581721772654	0.0431442809647751	0.290801828715849	0.646513781502251
0.731207816587653	0.0581819470043289	0.00985248037949022	0.284610120661517
0.0553959436465723	7.87660743083411e-05	0.551817256284112	0.591939154459771
0.627326720056446	0.180212533343266	0.010330634494453	0.062918821528291
0.785708528509662	8.83171457105068e-08	0.631779818443223	0.867790260896323
0.60050853454221	0.00199714629820203	0.0109301142671632	0.0937793630581871
0.643712053850988	5.50407047209184e-05	0.0259385366066552	0.656204581636044
0.577237356084767	0.000234941085833354	0.0305723938096809	0.279583097127948
0.426694958724264	0.012935384395934	0.404372207730497	0.174108430478337
0.691696920444785	0.100467703897786	0.137311344830416	0.158311645237512
0.939070078354919	0.021545458055732	0.0712330111056753	0.526487030632342
0.766990589926759	0.0725446435630968	0.00707354451673929	0.74015521935827
0.959647565173346	0.00197711439783376	0.204208226447099	0.999222206136551
0.651025975656397	0.026279378586653	0.604627058451279	0.223629821743815
0.253717246420601	0.237816372071246	0.00862887562097547	0.845760861953933
0.7121500622692	0.233087331333349	0.137745805797141	0.547797021080884
0.938465762080346	0.00335388820364983	0.418762306067009	0.299519631858912
0.592744213742283	0.0429990336387641	0.00287864491639904	0.313393930192482
0.557072256795966	0.000123996824081904	0.163045974846145	0.387653834199424
0.568115516334938	0.0548725471143196	0.181260781268781	0.576268137902037
0.754280852959705	0.135390387587359	0.612352229388016	0.970767951604972
0.555121858362987	0.0110074356910206	0.00369538516764799	0.0493591585146414
0.0587124122386269	0.0502765086167013	0.00744485240122913	0.396585263051219
0.346041019291941	0.00044680704957381	0.27912204866301	0.700356696103778
0.444447706665559	0.0180119777337263	0.123612945205702	0.999676005901108
0.844524732109835	0.0112914875010807	0.336876981867953	0.811817410487657
0.322515972483917	0.0473040879371645	0.519853924632522	0.688671824489447
0.519373384281716	0.0077436119466601	0.146706840207376	0.399220586255436
0.507518810512778	0.526458681996611	0.58707585816905	0.916835533588188
0.916591593729963	0.000632388869294766	0.19388986822948	0.955480437632463
0.414850752550528	0.025571804273951	0.0176514925252675	0.758509440575148
0.32879472546033	0.00100597027115365	0.861930858126656	0.885167380819341
0.984329890282365	2.10737525857129e-05	0.047117766800953	0.848968716659113
0.951958770803701	0.000790553986979306	0.00267426626280691	0.831782848338467
0.591085504558965	0.000135275164892276	0.00224184036146837	0.142026995984713
0.763171280521864	0.0459831837576272	0.15528406665663	0.60070320093953
0.39756595861957	0.000994097138753425	0.00659575374318185	0.605932577628915
0.623662620405787	0.00428901736250098	0.197667440057354	0.382568713183218
0.604374290456797	0.0022266179112177	0.139037948952654	0.0472986904441361
0.489407751540018	0.0169788051798602	0.0158557869389687	0.258897898643079
0.670570715393841	0.00996583127453634	0.0470670481016682	0.252186173021431
0.960539281805152	0.000199691170628163	0.000104211947610185	0.0162904390015083
0.467275291890363	0.0285713763245741	0.818957018388193	0.485806004418069
0.914738415774271	0.0866038319364539	0.11614546794017	0.731870898794381
