X1	X2	X3	X4
0.105812079106531	0.0197210049805091	0.681647176732297	0.789053140816732
0.125165534133341	0.167332069612019	0.492780430433171	0.357680342684602
0.099906322365495	0.753911193552641	0.684386929940366	0.459988989085109
0.105426664598784	0.236060630086376	0.482541402170748	0.542378187020643
0.0100839465918808	0.503016334627112	0.641574112986074	0.0403132297903733
0.0358545516294169	0.571738213542861	0.593353300419131	0.0977711749353866
0.149929838101359	0.477358421620789	0.4619560237066	0.969757588451717
0.000261443314623899	0.986988399960423	0.929005459190712	0.599431850530461
0.173919758209611	0.0481108689005412	0.5151719969449	0.10591701362082
0.278685848838557	0.0411594314065372	0.774509558467545	0.974631864135183
0.366607355952319	0.989409086675045	0.849553515581613	0.340313589469314
0.0201687546988278	0.328847856913121	0.998886803130559	0.187910998607965
0.790558246596263	0.355478807727898	0.803578730940373	0.26244365239036
0.0347467038496685	0.127446876140894	0.328255752186853	0.542988687326911
0.00130032264163647	0.39823782250616	0.997296497186564	0.470180441637465
0.00439201859795045	0.442186653245233	0.452154584411142	0.346013117756086
0.00886839277465982	0.481584251189217	0.826948489001329	0.655419706298435
0.0386328738114898	0.226422513707344	0.5730954331439	0.442640102927169
0.0113572745303951	0.0574432308830606	0.91795139377459	0.23645521316123
0.0925725468604837	0.187892804838324	0.128703567617414	0.459718952072044
0.0221236050414985	0.412122497093477	0.655420030985743	0.0737931509446231
0.000386299253045989	0.198444655989232	0.228508303519125	0.0367815588457161
4.6423909542899e-06	0.27818435817636	0.711873427705581	0.449302063845228
0.0340632386794681	0.590168657620175	0.950045166572404	0.864244879057291
0.00165634525351234	0.0598814139775323	0.0972160454452204	0.887110089533189
0.745832270347089	0.304715419044961	0.745111534723088	0.934356056246316
0.146417743009124	0.154715210967214	0.398764129735202	0.398694257023396
0.0208878967330106	0.365392938572277	0.309120867567941	0.22716616974661
0.0220086136318782	0.0156748845245727	0.608941944141318	0.027591196626187
0.0641758150889535	0.422717363639654	0.32215809127686	0.609009290394379
0.186011594769842	0.206526074342206	0.355673685496734	0.0792769291003866
0.013581794631278	0.669781932524614	0.957814948218915	0.00594671519157116
0.101367123482756	0.00991979399292907	0.959861953815103	0.847782728927664
0.00201014854393145	0.0368192893898854	0.89448726037347	0.0175639468200989
0.0213811346722215	0.0522254142731733	0.579191526702362	0.108320730207988
0.0118132376745439	0.13586190932643	0.638225094585305	0.276009642999097
0.00546614531307686	0.320976484874293	0.753890587171029	0.0798718656898919
0.000415257804972859	0.0794912145638973	0.996827083194818	0.401895956437151
0.013168256576196	0.946231084347764	0.0352038018327439	0.634823139325486
0.00230194017568108	0.490824349400453	0.858314718161344	0.113873200113581
0.0355678551117506	0.496175484224154	0.993645014900992	0.0822366574396477
0.0471168088985284	0.158564716125497	0.740750281926806	0.0118456914273679
0.00134563489923216	0.781539352320543	0.991947556054562	0.0946979910100957
0.0579013366186315	0.983652144208516	0.972697405949939	0.726449205765351
0.00349425176884184	0.854526710730508	0.490225393955712	0.104592536704398
0.0404488260930597	0.665270943120977	0.305045489263879	0.0901912600322141
0.704964676404105	0.198108858039085	0.957332592131932	0.64346927840171
0.109365429867843	0.368641891963895	0.869996038884646	0.113008684956578
0.0745914320191672	0.525436893637513	0.0093386040544107	0.662853856357695
0.00124945412045873	0.665973720409828	0.862519701104075	0.877146341140818
0.179093626569816	0.966985181599541	0.341250295160517	0.791344531597595
0.139502284872755	0.865063247852466	0.0653727415807243	0.604498754854618
0.0533308190695057	0.304199731660864	0.520990244385086	0.623739738025643
0.00105436066159632	0.0602635634727197	0.850432819693366	0.414458582477534
0.0252088556383478	0.699743810132319	0.376072716121612	0.640414941953418
0.251222796430137	0.178530887940264	0.997747180496063	0.654541083167596
0.0815021214954437	0.432414941569482	0.768555787176107	0.106866874944406
0.073354940474791	0.394204527732615	0.764504007069509	0.380712868753887
0.00578105294911519	0.71620819407599	0.552235183676245	0.234908452884544
0.000403069036723362	0.552662624093346	0.990770352625525	0.776683599475575
0.268036384470108	0.79287891741599	0.333442352356042	0.587555183760033
0.272934300260616	0.775960727517128	0.172630670757039	0.661522032043963
0.000897325974245075	0.762883299675495	0.885234165223506	0.326870783062567
0.0243546294445376	0.889124259996863	0.838542212762213	0.0319006157865977
0.0114556948488079	0.608053079439077	0.970606563235314	0.567520951163592
0.163064787156958	0.820373956758148	0.308848427441666	0.196737490729988
0.00412557381496876	0.146929472651945	0.999901537017178	0.702573604998727
0.4905603214208	0.0203439578732717	0.767320519843587	0.952054841607233
0.133492161471477	0.640250261762604	0.816839957926147	0.945373484757172
0.012510563001998	0.539772616721335	0.961538849202538	0.894183540940205
0.00174284748323767	0.499657527381266	0.724971706930796	0.254281618030518
2.8793093691324e-06	0.834301038550616	0.738051582104872	0.0133630623819936
0.0037229795965326	0.104544299001406	0.0432626037306066	0.385293533546764
0.00842853982533107	0.81011382501594	0.735335987525124	0.546930622861497
0.00789467456894397	0.146746899126619	0.869643455809707	0.19143753916182
0.00662013571517613	0.314010179946193	0.666186140152782	0.722770929620532
0.00238056972782876	0.132433093050795	0.778683227587593	0.466007224379404
0.000366211430309333	0.344902379957432	0.155951197586797	0.717245628230133
0.102602872859415	0.908908016306408	0.67663684324628	0.288709729650219
0.108545428541995	0.539434117418571	0.71533401512715	0.917436912600215
0.000476627477970393	0.980776896722735	0.964397001681095	0.0438560957662853
0.0349457291255588	0.451243746873226	0.684239915321018	0.660431418417466
0.0748269160885579	0.433256764892053	0.913010150724379	0.122533058677189
0.0346930210749323	0.834696384845288	0.110697574013266	0.654546989233936
0.187011943469896	0.432709788142389	0.983577801252543	0.800328860008626
0.0594672636518044	0.0538158516995199	0.570180718688403	0.607190530457905
0.0678297417453805	0.100048991453189	0.866041966504419	0.216431836368288
7.27585335998181e-06	0.220505245068777	0.884126259840675	0.219659393420149
0.00385616041579766	0.880351123282713	0.965110644028337	0.902997097059872
0.468599725517045	0.601973269709643	0.961094177763046	0.158410597672461
0.011819945482772	0.106877285885168	0.999774387107764	0.580120243164096
0.00715526318718822	0.756018663026524	0.551219928002042	0.489936061614013
0.365940255288263	0.345468411005498	0.913408838998812	0.221669414031698
0.00126110271096985	0.122332809397598	0.697811219045686	0.325220062988863
0.356665586593478	0.236587301029455	0.880571060610178	0.399428618243616
0.000278348521413356	0.444042420418003	0.81478391566882	0.203630106970866
0.100110172869119	0.636168262689421	0.679375441001916	0.0122286749274359
0.463359814130807	0.649224867877187	0.537319422535813	0.543862622084468
0.0350071617850659	0.426574015701481	0.884579622092024	0.699249560737595
0.01062385829754	0.483890277455512	0.873096809845637	0.0218891161596543
0.0227222321961037	0.341957522477152	0.750445501970201	0.263502279779522
0.00244451160186057	0.00929338438387569	0.814667309518342	0.652725899625474
0.00673325973098281	0.576958934152032	0.941891266994699	0.507009203702807
0.000265418159856137	0.88721298310339	0.783161177370973	0.18750953969569
0.00866851425632009	0.0265938754800518	0.737916054525432	0.747436506396382
0.0408768092000755	0.657766443845148	0.986450206779432	0.649137269971369
0.236835300159961	0.254061359506974	0.792834778343243	0.777010302645915
0.0754327759606723	0.169697289948877	0.96745177437102	0.0569085503426197
0.00436041001334609	0.857872778897038	0.358523242864806	0.760348644189836
0.0011762615954048	0.0280350661963828	0.769979109757512	0.735507922941482
1.50512643886964e-06	0.294207217410215	0.901085723304163	0.137316387242331
0.00115230185371372	0.0108924803137789	0.0333560112782097	0.19265072518124
0.0370372900723686	0.138267038571493	0.989020749972691	0.603736538203138
0.000776842135429912	0.118305028325512	0.913964533617474	0.53509038252222
0.00260739864150189	0.0448980056994401	0.929045992947723	0.875914128760006
5.82191453014763e-07	0.0681050487639674	0.986807158468057	0.0710259640298082
0.00752131033508503	0.759916411975792	0.953874068579967	0.115128107400348
0.0880109633535058	0.237087891917682	0.92537189714188	0.770345782669958
0.00149810274128002	0.080365494347172	0.947598163555503	0.144216497354239
6.12985499942718e-05	0.601036542234261	0.93385882472349	0.657385025912105
0.511359035410411	0.105874838305997	0.717772170939587	0.633057158903558
0.0834872554612688	0.534966081772176	0.956030500797621	0.0933942563888683
1.06153894888417e-05	0.633120123100328	0.286039853406341	0.404994028747814
0.962068543970287	0.604345786871934	0.559371957369856	0.557466061059366
0.00542047588943744	0.297010485912725	0.96214010629877	0.26258192898985
0.0790358763136825	0.112472795504393	0.440517014097444	0.526712304130498
0.523032699733868	0.0372591349584318	0.774748788099507	0.356589852707684
0.00119604387246697	0.735677064002922	0.971810281604255	0.980780671580124
0.000243151998964572	0.476609324500503	0.972300772183919	0.51025895890434
0.0833389717721556	0.71582826096159	0.316256752381207	0.981181361543116
0.00800311956011302	0.0321607169427936	0.902272960964304	0.462487791544174
0.51474341759445	0.864032716037741	0.879897191709324	0.776615691784311
1.24021869037021e-07	0.860146150576271	0.956366614681704	0.556247181878736
0.240936693505443	0.59353048276017	0.970211830713525	0.357943719029219
0.054424674425878	0.928715850202626	0.852685588854475	0.605699145734585
0.145825396612258	0.104065567492464	0.754137388724263	0.141009189810547
2.78381976723657e-05	0.115410161028157	0.534626635876828	0.852207137788023
0.000421306717988606	0.526375286479956	0.993413088205957	0.096899402208848
0.00322442261659392	0.848060514833484	0.761829048912059	0.191499093879639
0.00297121268021953	0.932161621561598	0.869456722574917	0.225661905294325
0.0991550753841704	0.63232528162835	0.962377988340179	0.130281201945813
0.0125621918094684	0.125023360869419	0.986676376786426	0.51188107730638
0.000758889447341222	0.551104145482521	0.964265439680013	0.560771941360845
0.0213299193573579	0.00872541453014118	0.983054995740268	0.053516584741383
9.09363190313417e-05	0.0603091856962672	0.937465700793921	0.817546617040185
0.281465636962792	0.904015549927331	0.440735184758427	0.934588436981144
0.0017622128869793	0.430698567154546	0.63244500708147	0.14086610356908
0.143549829427052	0.754987463955854	0.58148567238771	0.321513465197909
0.104290908362423	0.683753059813657	0.47904079313621	0.24184072927847
0.188812034800361	0.0853725946880954	0.679432442379481	0.877643844551286
0.015932693161411	0.811154191825088	0.824393941424012	0.758133041522222
8.0850071599603e-05	0.825162819214924	0.651513387146118	0.270889876070806
0.142518963222756	0.997471255737341	0.943776380625757	0.954565779416864
0.0951143288654076	0.170000134956216	0.664177338688441	0.202035067200551
0.00350138701445812	0.140923691042843	0.928690559383307	0.39040840121058
0.055250550131199	0.203989840215171	0.729660891654183	0.617687212313179
0.117441309072619	0.489079606965528	0.621204535568488	0.209766555486105
0.0296191553803425	0.0537327471740322	0.997935337368606	0.19969322412239
0.00118480436066981	0.712581480699489	0.981447012139226	0.856619862499498
0.000370763614009775	0.44376842167086	0.935967285192896	0.705201865381415
0.00474266449676336	0.256440020441302	0.923694091079084	0.388948806085564
4.34248874368481e-05	0.420108352469271	0.389508890917042	0.812520011700856
0.000328370093056768	0.967413095386444	0.0626455828893812	0.717329093026058
0.131273495533423	0.758936995434659	0.32420453395539	0.602554068442657
0.00150829671185847	0.000665242384655359	0.776651060735259	0.161224396337976
0.0138995398528192	0.224635132372726	0.390801641588083	0.169626281824793
0.0677570989753249	0.0849898750966203	0.878685737327293	0.169130629075425
0.0029104622775829	0.164402371460662	0.774617255908191	0.887618779474381
0.0146979607047948	0.273578653517653	0.876866897485867	0.00361254306820937
2.94061279847964e-05	0.655475146122096	0.265467810073185	0.36537357508403
0.000442592345502226	0.151689516289912	0.963510015243959	0.799315641317865
0.0690936825640935	0.204176930283429	0.248182798283251	0.161572149815025
0.0297757004207478	0.696152900862315	0.962956911501714	0.140960864626303
0.0940612610951025	0.00721524363327833	0.993963467662975	0.926482298073297
0.000684234732576646	0.0110831789104015	0.634972341247728	0.0875694017609047
0.0784038735656496	0.6898148414108	0.250430537379214	0.875300214024298
0.000504932550616307	0.13353429566978	0.622549175865824	0.880036195018945
0.000351048118039712	0.480962979106247	0.991265463481639	0.662927941422684
0.122274541489677	0.0795071629327272	0.528123699485139	0.268044262639642
0.00453619210542155	0.769089184179977	0.994418197285814	0.30187372550156
0.0118103825968958	0.443763902905334	0.94503553926444	0.372787033563101
0.0121285352443476	0.372339496094369	0.862738011473303	0.712264295651632
0.0042553898722958	0.6469122536009	0.840526632524349	0.331275894525871
0.0044867616747918	0.725658116751874	0.697360160644187	0.234125992613533
0.00261222103838319	0.658889846034269	0.54659718318126	0.915974059965408
0.0464046599981847	0.818229684443697	0.846094314272643	0.350265738420418
0.104706851125899	0.665555892679563	0.648578653182773	0.195497978726786
0.110822027745647	0.0247630556989908	0.891197574808166	0.216031550839249
5.18556136730691e-05	0.581855609511917	0.822430362846877	0.207252993280178
0.020107453279265	0.66899071002982	0.876141399489186	0.344362765187256
0.0126674503177248	0.968568761028448	0.823416991144994	0.488808128150923
0.0648816368951285	0.446003131293101	0.718373453555002	0.199276415493903
0.00121549706584594	0.00544476814868778	0.624829176680698	0.794144371789912
0.00859784699902831	0.0325626591016236	0.908917508181981	0.612327758205583
0.350599604099905	0.106189032245428	0.87732438712493	0.119089571924257
0.0117445775105388	0.368958394582177	0.80759987201491	0.549256018797781
1.64269981510078e-05	0.15041841273678	0.540084955681858	0.0626979976310507
0.00223444442113273	0.687426123465436	0.86093174196129	0.520039820011451
0.241318623692097	0.0650362858151125	0.993486951629374	0.578991368728844
0.0044823912596398	0.0269204178314709	0.729377920024215	0.347485922685641
0.16544316807714	0.0540146275766067	0.995848442993912	0.419101702818692
0.0730517642899601	0.728652830878735	0.865655080397588	0.792953230875693
0.0331900716456218	0.63165400233132	0.401769770231888	0.917997318824758
0.0665748602000293	0.061590067049676	0.787639698506633	0.0827894130103665
0.00704501346817001	0.839852174160729	0.451824713621998	0.506083572180923
0.141360020650243	0.0483912628450729	0.763024095445346	0.636816212623934
0.0274233039477943	0.266873736986085	0.966803737101538	0.0041644623245161
0.0593208024550729	0.0821374933669587	0.799581164101258	0.468820592987337
1.04866628884936e-05	0.742777425626183	0.275352969456317	0.252080364867095
0.0461396529765862	0.299392593858752	0.64094121293652	0.744958770402681
0.000646290713663502	0.192844222559119	0.996897179591408	0.665019947040494
0.175674266862981	0.696513242331938	0.681972209508696	0.0400093336183024
0.133412504113222	0.479768121023027	0.494660828472343	0.237085626543566
0.00380572558409573	0.123437036356835	0.85907304738676	0.605589440583886
0.00228769505119614	0.613205988166688	0.531902537859306	0.807620555675611
0.0942413902239361	0.461531577250548	0.469054375459369	0.367757781142349
0.00343290104121954	0.16415260121233	0.987162999536493	0.0201309617729075
0.0523232428029001	0.660659817995824	0.97785196980501	0.337309717927021
0.305007003816308	0.200012877151435	0.611330195351792	0.18135675706858
0.0176400173595349	0.636266590904873	0.848223919797365	0.0406295376685106
0.128765769500751	0.488378196562829	0.888673858311933	0.771832694277176
0.017211933455481	0.0778519218895498	0.990536335676081	0.329908025886293
0.00168841778143966	0.241152428849825	0.843769856203233	0.325077423114118
0.0251359069400905	0.909732738254195	0.806519849621719	0.709157213184569
0.103546323179225	0.670849137388331	0.189303388227546	0.408544269004927
0.049894987868469	0.477924719665779	0.992718065980451	0.38856337740183
0.0201500814508564	0.326683688361924	0.924606426002058	0.915946101351233
0.0189524086553213	0.045114083634092	0.703363799065373	0.567039111825234
0.128179384952891	0.311216415210155	0.912071469572604	0.0183935164829231
0.0808745715973935	0.550318428278401	0.528996805012772	0.100049779550402
0.0244649252697121	0.591894318979023	0.988565860893199	0.282501583559092
0.118893178258395	0.28556039324561	0.94651493436915	0.637714155960823
0.113574006323798	0.0864758935483615	0.858137858784625	0.329848632712391
0.492101121378956	0.626303962997589	0.236520579204981	0.0304883436771607
0.534624080649337	0.722859688092632	0.288305247243766	0.307900924721864
1.36146504398768e-05	0.134371944745517	0.547120345735215	0.333859974760892
0.11638807039694	0.268525230331887	0.891845008204989	0.618232296435965
0.0200168424367407	0.421390424397212	0.766048959532259	0.524510093855058
0.00976225347329126	0.0115440719337883	0.97636182377221	0.0833876126164525
0.111683264977482	0.332450384369662	0.910821128809396	0.57415508131946
0.0301020301302947	0.0669023045238087	0.570950247151743	0.252220664976137
0.128037339039936	0.259932112551888	0.598990107039613	0.391176823119453
0.00187705483243303	0.442244601934761	0.664969922817094	0.618678493523797
0.00805599659511875	0.723023829215526	0.254922460541133	0.153079228864031
0.000213683145969019	0.39212855423214	0.0477324518937751	0.763252490784879
0.414808865186034	0.0197370310794004	0.879362416291843	0.645162148136454
0.12910329746576	0.36951159549786	0.130973271818319	0.805426264185141
6.65453983318133e-05	0.659633316819629	0.954436746146992	0.268001977974561
2.46751491339781e-05	0.954936202507255	0.884437579110068	0.735638043420242
0.0659965988195779	0.790550921460822	0.859457816924884	0.199208501505673
0.0938185423541686	0.0117983451022596	0.898995222092088	0.264124756174452
0.416965459269651	0.932685311550978	0.266688595095854	0.125171245346556
0.299027706503762	0.197734205929022	0.823688586604976	0.187161399013238
0.0313795167454999	0.914214599727606	0.945202172570045	0.998450461575357
0.0145049682612684	0.393033290247086	0.27555240896352	0.152272521452846
9.00306789457835e-06	0.0258937330580545	0.937340021398923	0.860849690464687
9.84891187462127e-05	0.235741790617537	0.581898885364045	0.206849560414013
0.364081676756514	0.817925038623132	0.426279163470002	0.481071532011243
0.00086420872692692	0.891057950804443	0.761535980848515	0.159710007048766
0.108537043946771	0.155825719517793	0.613253849866909	0.105105216877701
0.000905115996580859	0.0770795332651703	0.477424297269428	0.889108196246137
0.0457124810787497	0.0413545288815357	0.760588076836561	0.159143399729818
0.0344155961968911	0.114724640652169	0.168932742182592	0.505320238803966
0.054056969437085	0.43857429113892	0.991327633870687	0.623203511407196
0.177321378093762	0.449508880288584	0.86065544367549	0.140127033449962
0.165680746091164	0.142817839438289	0.981401968348607	0.284529298154338
0.0132852605016633	0.315813905758297	0.927364866054286	0.639790456317004
0.00278777204972106	0.888960491725631	0.887963865243623	0.492767718777443
0.0592975739326068	0.955574775622755	0.716064655839879	0.970787813664788
0.0729593241546494	0.546330005711755	0.663986436214508	0.196842281511823
3.65002197464308e-05	0.91574304715306	0.184777608456795	0.408593179662457
0.157926549739354	0.322068222898978	0.995453788441598	0.0444059129017762
0.0436251155485794	0.374034955043717	0.995788086136461	0.322321411063554
0.00467240347434205	0.732314665529406	0.767297596024383	0.495445634634269
0.25797565975004	0.73616319104968	0.99887594750587	0.0343316687474328
0.00214849107429525	0.483963475241022	0.976998336131406	0.78332520088307
0.115433130554172	0.930198038132735	0.766641913936173	0.170562667624187
0.278626207167672	0.492757795251643	0.920621537860347	0.0573402296385535
0.023775135908146	0.249897423765482	0.193465275348459	0.312978129794989
0.00575098092089942	0.282998290492487	0.969549129977134	0.00257945560135605
0.00145674468705175	0.377780279363193	0.485676482147321	0.66976546150049
0.0376454858763389	0.396515225553625	0.29049048654873	0.47451362673928
0.00726826705435189	0.840360525242895	0.993402724978316	0.577969915436283
0.0503597014874372	0.313946088571063	0.977040962581368	0.617406155860302
0.0541759369379695	0.363624251133399	0.370184866890691	0.402880368016679
0.000205882774975333	0.565526742116327	0.0609082977816953	0.346861305579217
0.00812010927424087	0.206196889787266	0.374527073227595	0.677516183245535
0.00330748826430434	0.588504942875663	0.976729485987035	0.646274811154092
0.000449503538435191	0.0146964724904026	0.457131158193409	0.555413000980891
0.00362982102848229	0.0194154278298083	0.996752206616216	0.177483079779894
0.000121353242846648	0.654416562677815	0.999701842455049	0.147744326359778
0.0383988668892718	0.0440578669485501	0.897556561695584	0.0421288835512825
0.00268501853148482	0.870340905759546	0.942433907967852	0.918020806951126
0.00278428305328559	0.144615132198487	0.615230957240734	0.0330663865840369
0.00620123877764446	0.179528783373991	0.846349986934123	0.173622809087775
0.03034323403278	0.735005695669663	0.903335883180326	0.343762906371735
0.0273869725663584	0.0917613635466419	0.0722135067661248	0.234120518990617
0.0135755665066267	0.175354764101572	0.352122986770316	0.547788958359192
0.023494429118607	0.599949812898496	0.246983564234279	0.134578561442404
0.0724220211743162	0.0587928398044803	0.366967895097155	0.879443674318714
0.0852531267362583	0.0456912692396563	0.944729740689818	0.941425844117722
0.106910651933522	0.74245683643022	0.993876361278744	0.0953408230062666
0.00567450123262821	0.206419386416498	0.835550799555711	0.243787608184335
0.197965514609178	0.481007111919919	0.325862920779144	0.836181860065167
0.00481483919706422	0.445404084112916	0.615083595252488	0.413788866763564
0.0825239367998777	0.0193633909732641	0.113106484031995	0.850711080737295
0.00169633880667089	0.0537439627770218	0.913289867434092	0.53258250845493
0.0195056048349981	0.801672934729435	0.726010052955163	0.500479475208874
0.0036953218487543	0.459644073812405	0.996284126344032	0.0397484852738914
0.0179147114339091	0.436291391393971	0.02739589382697	0.566008262298797
0.0707878452057756	0.102486131205738	0.169508258297235	0.475572608777251
0.135565373684661	0.878403361110945	0.98208569859599	0.195920414198408
0.00301712710262148	0.970469712373474	0.45402186468168	0.825490061775644
0.0194556677020712	0.665335781646479	0.539780263034879	0.602295037807275
0.00637822245759923	0.440841549784572	0.992721417841288	0.748201735272288
0.0131177410989022	0.92624034639049	0.859669348005407	0.145368662851482
0.140921970862307	0.942858451247049	0.90168929969974	0.491610601729164
0.0368684526694957	0.0338427304430419	0.555119759056584	0.547856406440517
0.000831412524723536	0.0717445237374097	0.397494679900235	0.0208485964954734
0.160854530954754	0.408348939698705	0.787704673412085	0.610590078315615
0.000632087722483246	0.80665777873651	0.490416875721733	0.271947695065944
0.0337399991227227	0.782629603955766	0.984237140445161	0.447529523250045
0.0577105484881237	0.00268582485806213	0.42518596629462	0.531111461363284
0.00215435731246796	0.00733806255727066	0.581198866842433	0.206382596861455
0.410938145839068	0.724986931370032	0.448307286260796	0.413470046982264
0.246597593591028	0.372382058987987	0.73108403664026	0.515800142831192
0.0196291733570242	0.906512394793158	0.932677382558201	0.735633473905084
0.0400968953257891	0.800520883443517	0.979981660492277	0.592483690948647
0.0388950763267233	0.599886752461185	0.984174030129843	0.588876797363626
0.0819060278427643	0.937571751437427	0.74115623827836	0.0624600822242635
0.0382650480772648	0.0267842672858703	0.943679517215928	0.504536273381645
0.0762058669357274	0.683613415229393	0.11562741244744	0.302659836104268
0.0970061195223808	0.157851664055265	0.771298788855904	0.940987051648834
0.000257771901347398	0.420052336737834	0.726994504373926	0.846237627999273
0.00874774779106887	0.460100474143665	0.958197411771112	0.279483477880919
3.47149346148671e-06	0.891260320337633	0.898294910413212	0.114804850966323
0.0317912707301382	0.467760116259527	0.894255132546821	0.0525166001564634
0.00319056304414621	0.0991185365567159	0.898470739026551	0.41345124076774
0.0104242203339427	0.932089208370112	0.966868143601405	0.019368056745091
0.0360700104382624	0.655372322418529	0.985122123880163	0.177359596334778
0.127531854939391	0.303235683648599	0.99260082085177	0.37718634154147
0.587673923043777	0.322485421308073	0.205296789250684	0.128849198901252
0.0177305577375467	0.0942280999414715	0.517481239323839	0.392932303810828
0.212202170803552	0.110184708108517	0.905279678866716	0.0079828806460265
0.00275879136834868	0.0318106530009034	0.993634797415794	0.127561635766372
0.0126389720025971	0.213205935578254	0.931650846683063	0.0572581380460003
0.00198759728918361	0.28641629391403	0.981417274256803	0.457370780788982
0.12874570441474	0.315207167237275	0.95086965710643	0.40279641100361
0.00823687585848233	0.650490756301386	0.990393086114869	0.582132097834613
0.0182664989123837	0.995139556614781	0.00202184271729838	0.752891921437998
0.058306667812906	0.548188749637636	0.994116528979725	0.706548683125286
0.00161217646766802	0.799181121729635	0.692576441043215	0.00208093994817422
0.108410609678226	0.079787482499894	0.909094173761089	0.103306090273483
0.265439876591541	0.200659618661088	0.457214149121045	0.767772891615057
0.0387892211400862	0.821505602670999	0.460370691718739	0.0932781683762899
0.000483945448534461	0.858525013516509	0.667919081299824	0.0905534892275372
0.119258682127735	0.184680435563017	0.687133552604354	0.160262305579924
0.045207093081774	0.33785539775492	0.828585019822317	0.0365199737151198
5.9166157719994e-06	0.135995010272902	0.935825037786341	0.0718004040982574
0.00773209139763205	0.0653672643128871	0.978687928345622	0.398756720340383
0.0335693598770234	0.487634652304616	0.958505458482757	0.333190398364519
0.00472956666217558	0.0759498060379638	0.381030029394846	0.64340524306755
0.000553077354338639	0.984016500703572	0.995317767342123	0.415944620787038
0.0676747774857588	0.0866237794983121	0.225082252116503	0.336030915138631
7.59625888444372e-05	0.890813169735399	0.813661460668379	0.216853448000699
0.000140259514285638	0.283699816995204	0.881701677162381	0.0209490352729477
0.116619335781343	0.731356901815922	0.936331683737843	0.000341046968259992
0.0396621534906718	0.0349852484712386	0.998131671675089	0.459538966690612
0.00863060951189373	0.108534378642955	0.964110380974006	0.12387789386067
0.000662345474518391	0.525214602493416	0.978665673703312	0.818938812658641
0.0334849860800224	0.313969106958879	0.931091242611532	0.921501211571555
7.65279412523429e-05	0.532199935485273	0.722661739687705	0.839117898408264
0.262093325560399	0.372113881074076	0.96368243107701	0.0272764062348099
0.0674379940665972	0.160886320548824	0.53473670005287	0.236183459123457
0.00205148302782447	0.981695675578857	0.911368065053848	0.576408751650381
2.22977484021788e-05	0.0137795353214719	0.555000272815768	0.0742426070512065
0.0521792833719105	0.390285471587873	0.763700609864139	0.472905823798863
0.00328837804357267	0.114455284160964	0.784644357783989	0.812450434433985
0.0679993329620023	0.249500999426962	0.769707482092314	0.0943329493828102
0.00560024095088371	0.224857097990328	0.917232214768054	0.110309610143788
0.0301672072864441	0.213640106443255	0.402186593647253	0.26846179673381
0.0244410690799728	0.718260640466737	0.715099458966246	0.107711070814687
0.214890903922378	0.0998443192348354	0.451532033384357	0.0165686449490089
0.0928621258243268	0.814963613046323	0.76318650233441	0.96278652577253
0.00773964438254657	0.48405999884234	0.987964280105138	0.109990385414935
0.22636795477115	0.0146797545622436	0.970942013099505	0.348628509274664
0.0899480940500818	0.0881605770799622	0.844014740185659	0.268057168888739
0.000418196402481264	0.236484583799759	0.144894011653416	0.404692348192331
0.00596601165870568	0.178697530973319	0.167262929821471	0.0173209576042341
0.0884029217414337	0.363266187643252	0.92009830927432	0.610089229544408
0.0222524871701975	0.381724632223125	0.625249296038768	0.32736815619536
0.012460379613895	0.455757714955541	0.985120703836307	0.569533120371926
0.0250033012908366	0.191046569044316	0.123822492994727	0.206086428395299
0.0288993956333975	0.283002329479186	0.872449462744134	0.0674321351690244
0.00124658514781418	0.0296890265706362	0.369655447512426	0.278861677887522
0.308023050838495	0.437703414617443	0.970762348741977	0.8150112196586
0.0302938924753802	0.0394891374826134	0.835311165223314	0.00789680624544849
0.344087394553763	0.438661975833675	0.869246159930798	0.791718646798749
0.00167108476343414	0.706505158076599	0.103017453339816	0.329507725697579
0.0196498746470643	0.47183986552174	0.374745491025383	0.363441784802589
0.0188358479363888	0.567390789766318	0.837338288489841	0.0340523812198589
0.0457150507567858	0.806288463731038	0.793456914343563	0.055388177917935
9.91943521683992e-06	0.761294866115369	0.796205693719952	0.164709112693337
0.141703444597089	0.200930129955162	0.835741122420805	0.463303616566962
0.0840969506029012	0.00262358248154766	0.914535840995133	0.188834048364219
0.00166438159227298	0.410275073753	0.850611115143425	0.566695883600679
0.0213557912749743	0.677142031842735	0.904823734832805	0.548622949253913
0.00387518477250464	0.675666815080795	0.0352828017991764	0.608639204184807
0.354967925390041	0.478796631883681	0.871431536999448	0.538960393078336
0.00295089438589339	0.881083646544251	0.026958969002459	0.126321033098262
0.0554428981040433	0.281529576013181	0.462857363043709	0.18853669872898
0.057023658317144	0.377439053738816	0.551872653603913	0.566548999409343
0.0251915764355403	0.546577059493083	0.96200342066204	0.0536258770221632
0.0571816356034117	0.362839372119364	0.961145527784823	0.0158861074250209
0.00135707768258544	0.142862765692195	0.889928792350046	0.432277232467767
0.796605164423355	0.619850532387694	0.140026669056459	0.454531307718961
0.00869937892515023	0.658999418493303	0.904376420990527	0.078897223080245
0.00281383983566288	0.0557319051563485	0.133587147074431	0.519220566275869
0.163069968736565	0.827039297698864	0.975968574482011	0.990876147115387
1.66245247600788e-05	0.163225686739635	0.893416340630932	0.0521911626049381
0.00668937221375018	0.216448772736402	0.0507513926609298	0.977647911812431
0.113290034987968	0.522624766457372	0.94979621153755	0.139553913688001
0.195502236946019	0.791056446971264	0.558619323021227	0.0539266086834625
0.0568253525437351	0.0367821039028735	0.609796373148607	0.125547965233839
0.00482174054344159	0.513282274561604	0.968207240641961	0.369344390723508
0.0120137798811742	0.0354246756167329	0.639604356815115	0.485745325324629
0.000142424831403783	0.43407968973605	0.839625506407963	0.440222573524616
0.0120117258261326	0.270174960104072	0.641747926959268	0.889376691208875
5.37339201203673e-05	0.172141257807791	0.673151609911006	0.567181538272138
0.0267399908835919	0.650103208398014	0.949237191205733	0.824513595240281
0.00274892946900655	0.56029490505336	0.106096996369447	0.359979810270456
0.00438417573362901	0.992282921891668	0.26932120668384	0.202922217182407
0.0128721301691524	0.136904754499638	0.909344540298259	0.0265742820851512
0.0121514131221222	0.00134537971793713	0.769100588246671	0.585927564711425
0.00215085869681799	0.538432738718505	0.0597159356504941	0.583681915558281
0.0375904760744874	0.996465206399998	0.321436397726805	0.427677478246393
0.000201321600494194	0.520125700735479	0.29207895046282	0.813144174002559
0.685752087790623	0.181576997098714	0.315202836405252	0.445297976665475
0.074270779824414	0.592238649625334	0.965769938997505	0.652710573927329
0.00366639188340604	0.369474718520803	0.885954263385041	0.357285882139093
0.000685077992893823	0.253439498556704	0.957834578721076	0.0116153662160465
0.0468896013923688	0.486281263535221	0.0546518518521764	0.00900228572249293
0.00815134750893764	0.609458336916883	0.737989227609386	0.248036837054213
0.0789574281568027	0.738768589639964	0.746381304044224	0.519028545608493
0.00449788907336821	0.355698313411125	0.734456886043906	0.807820080042082
0.01189008302252	0.081676220669988	0.472294723211092	0.82790675421405
0.00645389251966655	0.836399831926738	0.953266719310422	0.166717713729051
0.000428865949015998	0.833259936415541	0.372401513505502	0.389754105614355
0.0227311412666534	0.0413824940324768	0.805937724765177	0.77185370032034
0.0777813083404183	0.683531690652622	0.763061485932115	0.0909856384146694
0.0124144442462629	0.0711066510945554	0.921952689491129	0.321422567454353
0.00585128435266947	0.0308848142248198	0.658759203035625	0.0716337905256061
0.00889796113834343	0.469705003967881	0.177563333620188	0.443067044905095
0.0673582983933199	0.30561771260824	0.964813343108633	0.960461294884346
0.0186923802234947	0.325401364466425	0.0991594422214828	0.866323424682002
0.0737342172623214	0.254432729034225	0.997514917550108	0.411782808470073
0.110920911272501	0.166228968459094	0.307562436172266	0.211625897115205
0.0245169279313294	0.3978876137231	0.465218140033067	0.72223236955358
0.389894220595124	0.293006753401643	0.373834075204277	0.018310303195438
0.148505680998033	0.0732713775307883	0.272780646201578	0.0166403927734975
0.334250102266622	0.523059729480935	0.796608542092322	0.463041340547875
0.0522311138593661	0.220871170007645	0.47868676441641	0.847712952132202
0.038909249634731	0.74116793230302	0.781672907078564	0.828340648007519
0.000699405366973831	0.778105031111313	0.889848037153455	0.128094458285755
0.341097995464255	0.332296031034905	0.998641679235869	0.312625115726503
0.00718458006969328	0.110247718812512	0.607791298814362	0.729945408822237
0.0387285148956497	0.0227182342897138	0.653318469830356	0.00380579684783721
0.103895294652601	0.0543234291398395	0.85256386237514	0.541319934573649
0.00184353155214662	0.473297836373778	0.989033228640799	0.590005951201355
0.222307303940483	0.934336805047473	0.136135818101781	0.676796924975165
0.0533348294314736	0.0809880579511598	0.929425952044165	0.549822624507001
0.00147784438721903	0.174690410535312	0.524698216035089	0.56902574005185
0.0124833905565688	0.681601017334942	0.883486306730892	0.371839375492061
0.00525573226740365	0.156995815575246	0.659337259777967	0.902890911489279
0.0368837943479889	0.678202872654953	0.99758556324113	0.204077503434811
0.0293521980231663	0.0852905561706345	0.344420384787514	0.186332148445767
0.0183195887756901	0.114194050711714	0.982648855733453	0.695186188731441
0.000223422191195152	0.415764515226392	0.549384439129958	0.263430506310542
0.00544743834984408	0.265545759239311	0.975770979889819	0.293362161685551
0.0587502387198977	0.44842821297381	0.700008945565318	0.94942199873678
0.00603101942303329	0.191218644255707	0.398210068308277	0.525544360536587
0.000464289695128498	0.159319270641193	0.942962295708106	0.611389104621555
0.0201883277075879	0.422944559220721	0.933238261110291	0.681508079388589
0.150298447642411	0.710008749774114	0.658635577726181	0.0995793521084487
0.0019912378952299	0.660844034697728	0.989132333288969	0.0850156989133557
0.128769823363522	0.0384396768120969	0.841547299212637	0.556981375394029
0.00996041805917314	0.0839512123887172	0.572351772432298	0.605595641720337
0.013929935557158	0.709816698232471	0.990878515049764	0.264886777822044
0.0263594749779379	0.0588991947388663	0.919478543558984	0.343579753730356
0.250201727316531	0.747095232133966	0.694710155386497	0.728791603000267
0.00291704319663457	0.133834888225075	0.869139700005619	0.714912346345931
0.0609439182092555	0.0102191034095477	0.966590040010083	0.069242906824108
0.000534655362094416	0.759882151680613	0.29693879805929	0.785409394835849
0.00989357476677372	0.717459645852691	0.80491845692557	0.275722936181695
0.011575342306206	0.809116196540412	0.0840987435100965	0.0427679703737105
1.98681659973316e-05	0.695795091822044	0.412242206607387	0.278874294360498
0.052133787230207	0.0943753445688672	0.327535220357171	0.11958134064627
0.17873940523993	0.0572231401533264	0.999645585509596	0.337803767579536
0.338025378668455	0.172823919564285	0.742559860135096	0.0246738146536688
2.60263126422716e-05	0.779254605775387	0.839415174838453	0.6108390631897
0.0137053642686169	0.444092357863546	0.510549811650562	0.408534411987492
0.0441034694504515	0.614729834762197	0.0533783287214723	0.130926372117595
0.0232004969752425	0.548289906356424	0.365975419342994	0.251355263423054
0.00500467752642458	0.0879964051001801	0.905697186404959	0.0183468743848709
0.0629426315970238	0.176505067811162	0.984846717496893	0.57566611425548
0.000838526351420077	0.033283727210594	0.880040543141494	0.535799618545281
0.0634882444799422	0.616851889860813	0.956548497759336	0.660167176967756
0.00760377681299759	0.349463245919956	0.918235275024938	0.265229138505692
1.59333909216068e-06	0.477224969149982	0.99803786736067	0.966678822724148
0.00672787384556463	0.658313229529433	0.199406508016611	0.710481124136967
0.0303400052982476	0.431985113749949	0.722508327325829	0.176567550289116
0.00229873864203902	0.782103742629779	0.975401635576131	0.396642055310486
0.00535005452095	0.929782933983263	0.890611889443678	0.58846117060991
0.014192147301847	0.302468770542985	0.68579135881961	0.0626713323851854
0.000538230851082324	0.887424256122962	0.38775025908714	0.990732717637862
0.13057885749923	0.27059759531332	0.35737933583459	0.0159033810927475
0.00295949632480495	0.331568057461281	0.352004791441737	0.786080670050943
0.00058883670199868	0.211633586588153	0.496138116201637	0.397934537607297
0.00103605841771598	0.0298737713984824	0.141264620274565	0.796836741652314
0.000295773686537557	0.50550054137256	0.00232068932417839	0.988544433008439
0.00326332617334546	0.465587023402206	0.562552789268962	0.654597922504828
0.0304759831154096	0.869593959633031	0.454002078943632	0.237434791093506
0.0059914963029857	0.608253788171751	0.990291447674185	0.908594410865141
0.0153006166928621	0.767104032526605	0.252108666638169	0.58528244994974
0.480252028852802	0.543437052906823	0.972274577032888	0.855209595864446
0.223476636496159	0.3469343380549	0.526786468370301	0.309000143936052
0.764042921746361	0.999110182789976	0.164986321996562	0.117793729248229
0.00641551700427552	0.0555731119976077	0.96052526611539	0.747160265211388
0.0116741208109289	0.227153053501646	0.902620802238961	0.861892585696547
5.3701896513396e-06	0.778805525831533	0.439160097318853	0.697480088168782
0.00326023235775321	0.0562870776744005	0.998478029790085	0.668276334775178
0.000512267018673908	0.848884504318325	0.768343798018296	0.962292068402718
0.0141974812091555	0.25625818978448	0.306300529693248	0.0195705941288454
0.0128341141716126	0.0449608206919639	0.960734449470298	0.180846379692179
0.044503648901699	0.235144907179851	0.682415201237209	0.0485398565798974
0.000250956055160644	0.612179846562857	0.196384026717885	0.432541582043239
0.0757207773857854	0.292279189605235	0.599729454043997	0.513993940606671
0.000136950981033161	0.667295035396959	0.742731735219548	0.817369024427623
0.314338474009236	0.700401175373556	0.154010587342208	0.0679298064850082
0.0101108527763099	0.724853372945591	0.816863195467446	0.376868982592705
0.0139793445144453	0.0702075063188341	0.805457421008367	0.306710671236367
0.0177830690597013	0.403064301066844	0.479730230116953	0.627619662543091
0.00067512761097093	0.75261507086176	0.478298300602193	0.0247396762291414
0.0658702991276972	0.0245373544061289	0.979458846701926	0.80780875546289
0.00950251230694611	0.208681568489311	0.324956344907477	0.181914026972463
0.0396062094019599	0.368098507256718	0.310028147948052	0.294378445462309
0.0390268774115235	0.682142790888156	0.321168692657163	0.330283485455846
0.0699629626294267	0.973229202542479	0.196497075722732	0.0227505738572952
6.0271976532748e-06	0.297181190393518	0.965481596261277	0.304457400013792
0.00175236290790058	0.917061546004654	0.382420362434856	0.720709384738219
0.00191223821736031	0.278706581882274	0.702235358062739	0.272104950699933
0.0738079067602211	0.232542052387298	0.974782577933146	0.233558411417474
0.295445447774309	0.928964094387006	0.993244158170134	0.539581597752722
0.116835449418524	0.255488395169743	0.997724234093761	0.0795743049358336
0.026167245617358	0.0367831400563752	0.987800084476964	0.556905075932649
0.000504584605785632	0.309380332258161	0.639218855663318	0.526566676221402
0.000888427619855553	0.819405411633118	0.12125327275389	0.793727150196656
0.00864481079841329	0.110404700322049	0.364084780654302	0.0738465584402662
0.0288916553296657	0.863495118456941	0.998307498596244	0.018548492099021
0.0980865288911137	0.339969399272613	0.40992615205255	0.681740245241845
0.221761230430127	0.330540438425076	0.272950794837316	0.0931222107682662
0.00448912286881655	0.467211673955791	0.956365933361658	0.805935848781552
5.78152042134978e-05	0.797567237268793	0.768032392678257	0.986594935693832
0.00268838665354159	0.43982102700633	0.762683917242219	0.805924449773743
0.00144277288514668	0.443673127956875	0.980446831865504	0.0547338680468181
0.0982112121351773	0.0914373723989523	0.545871122825852	0.0348998382524791
0.007401874640425	0.0575924250018694	0.687479783381099	0.171996230808878
0.00172292603161574	0.0832006138711682	0.975785238353546	0.474152481162583
0.0106516405910009	0.157512032077193	0.809635894260816	0.228796467882389
0.0142413163191476	0.299396468137456	0.942743264241425	0.141379744710133
0.0154038452942147	0.880441910979956	0.603803474134141	0.720269917652202
0.00574563615296801	0.72243288219099	0.74071203760876	0.0674609538400862
0.0334951654111889	0.618684790487681	0.0491028559252596	0.382140492644387
0.130329384462466	0.24969784151147	0.821762483900582	0.360904218796808
0.00229369343518458	0.0722525963156515	0.816667583811328	0.0796709072130561
0.0321408755278778	0.00341693516651111	0.508247301490146	0.876080649462537
0.00733910439159509	0.436347385175408	0.618578731500456	0.933427230593623
0.00597759951345638	0.245164720078968	0.795789134786688	0.303568712849236
0.000150103668111821	0.00175602188993638	0.974543308227307	0.29730348974475
1.42217650356156e-05	0.0603243411500111	0.864417955614679	0.435379694531308
0.0455574634129504	0.804606701477068	0.811532467715299	0.564719704525369
0.0183697721423188	0.387264624087616	0.971962393932497	0.568910102653309
0.271896076629278	0.0783316223297518	0.997948202542821	0.0101158109026602
0.0894201770080498	0.598791127458294	0.876513384679805	0.0260580091161395
0.00140786106236886	0.448589045287775	0.890718853447563	0.687333757276763
8.74851381791571e-06	0.394047949778098	0.567146694274107	0.54717277467015
0.0244218222644778	0.0471905294269624	0.965576509798627	0.100462024874782
0.0878895484787346	0.331521302488447	0.461662221453314	0.642182041582046
0.0190111984904159	0.443062462000106	0.9747392297029	0.480943698038073
0.587444172371437	0.0847723097555939	0.620839539848784	0.505171617091901
0.1881450832551	0.86689211387897	0.978332362762787	0.819117832823047
0.00969771576028222	0.203808691272555	0.896391429948392	0.167768642566871
0.00326018562693159	0.544631960271083	0.860040710071427	0.857669634524418
0.0787951774181624	0.0783036994488397	0.998870910816557	0.241017189605843
0.252995663833539	0.227129849690024	0.925057241674207	0.784697493224429
0.0496534280666468	0.882646236264677	0.999342111320846	0.161690183373191
0.0248170519240695	0.104276712349344	0.930015665617092	0.000334371557258219
0.061732693313504	0.691042295085476	0.998439946241309	0.743731174592617
0.000427202075473344	0.705421090932795	0.819426738040995	0.767008061527374
0.00154473004553297	0.70033094135265	0.31827988233335	0.398394104161898
6.00852085163379e-05	0.400723331611174	0.995320842694831	0.954257075241671
1.727020034634e-06	0.269182414917298	0.551324416843019	0.597679730897907
0.194887615261776	0.649863695027113	0.740638075768626	0.440556927238306
0.00698541453343932	0.183522586722554	0.954909310822243	0.259100356490781
0.253576065639412	0.431584804644732	0.890001070765819	0.740347237982627
5.56413038988063e-06	0.0603276440933281	0.3528500742057	0.12653546377915
0.0328138394325633	0.174869342760465	0.990849775512651	0.263583710358159
0.0532818427752658	0.453604926326368	0.160879927823132	0.0841111685699273
0.00440711367066848	0.644968475072622	0.888660434785216	0.567671621400567
0.00389181501102879	0.920138772417615	0.472643093976131	0.948597046411143
0.0284479622146703	0.846008171971953	0.998910831877698	0.633253292049533
0.356674314285551	0.0616240929438421	0.776646624909903	0.00689407133814161
0.044827995141797	0.0194240334927195	0.411760919839382	0.35720168723693
0.0481905515357516	0.516945387032167	0.766993332030317	0.631016982613939
0.000626691205855297	0.00122571161927932	0.827420771747557	0.268775726627883
0.678250891086453	0.732576363191564	0.619680538605227	0.216861692447794
0.0161620262248489	0.106244317337801	0.65451861791953	0.876778035970011
0.00790659016088944	0.288196518362372	0.821290899695201	0.965286838425677
0.114454014766457	0.322432966772599	0.971915963796019	0.0823544161474538
0.00317488861291736	0.593724511916755	0.988787620989514	0.683082865491506
0.0274557346322458	0.0198612775982469	0.928236868231994	0.308015968624597
0.392717315811406	0.219315924183775	0.83501437179918	0.774809753325463
0.0301835267029562	0.0665475560623437	0.919784790977174	0.664985250021903
0.0563744398346584	0.307807260403352	0.921074314484618	0.99618029775597
0.0611813264745264	0.9155282444873	0.846769993539618	0.0405057893068027
0.0322204717184182	0.0617651068670679	0.869661265757955	0.20526175125392
0.00119386863909094	0.543022826416443	0.529335810844069	0.00228132834385871
0.00147819460285876	0.0135465574692532	0.84498807666692	0.386141598097827
0.1346064645953	0.795688461603691	0.366622869256308	0.0180393648833947
0.0184355773845287	0.442661783202021	0.213846955195548	0.928130542592166
0.170138641136584	0.797138695400841	0.495561508878992	0.0773890341014402
0.304439181813393	0.507221690603615	0.955592741417518	0.624216438189362
0.0179658612164678	0.621152789459916	0.975951322574197	0.552347580126761
0.0360096514289446	0.803366568994161	0.743957799342866	0.214116390510645
0.00472123565114763	0.665538409362819	0.953084065952493	0.60746521371834
1.60443052054819e-05	0.234977421320001	0.59095692769895	0.941832020039776
0.0692935243824989	0.849653570266599	0.942900120020807	0.793644352486148
0.0894738053979279	0.39833922147136	0.848839870535307	0.675901496933898
3.26761808409133e-06	0.517940186903246	0.556397824445996	0.441426385280662
0.00294963135007253	0.56718487995874	0.88301816339874	0.316908748742715
0.0801223685517981	0.234772592335411	0.203231875316659	0.709741842321866
0.00406668387156898	0.116706485003803	0.717359618197816	0.676624225896774
0.7954854651786	0.862772642343607	0.637473965781157	0.518805986970511
0.0619680409597791	0.919378903473388	0.258023190092822	0.741295232442961
0.0129738368669878	0.548839540717707	0.860472592286683	0.305336757420523
0.00204368268969046	0.543178466996099	0.0740394963121691	0.784794334937343
0.110020888558425	0.321644276127212	0.238301446582747	0.346015238661159
0.00410439604462774	0.960772781332395	0.805810764310784	0.266493819535625
0.00583593391131526	0.301569892273184	0.609398252705661	0.196069094536002
0.00682840368835473	0.501982903224957	0.986933795934049	0.990874368805333
0.538908535995656	0.438605039079905	0.900854984636069	0.511890828547011
0.0228514163688121	0.177445216058099	0.402543513697486	0.0315938750587987
0.202748659121267	0.129350097400914	0.957830587037598	0.697350255862418
0.592424426192855	0.227322151288631	0.998210075298534	0.309532489413389
0.0352220692474336	0.590567884876692	0.797497469871542	0.213084001040092
0.0270101228308138	0.0373953315455792	0.0472838402474402	0.956686002150152
0.0314483307383437	0.158361577459579	0.824511922699262	0.177226264490914
0.476646492414556	0.304266330517002	0.230156670183596	0.720658748459862
0.000731129635235804	0.923735606086507	0.981982823941123	0.858567554580794
0.280187199894513	0.279945320351982	0.740812715591035	0.0157936443888841
0.0235407437028648	0.33742048180537	0.511469706229844	0.27469465196384
0.0825693187045245	0.00291117262985485	0.9920619732514	0.0610823214276582
0.0845597874253679	0.825254440018761	0.943262672821026	0.672329817953002
0.00439766017436471	0.0560216776900746	0.99549320259227	0.0251293180550629
0.000560879288207823	0.430939299450688	0.75126992832159	0.877992722494049
0.000783003290717895	0.941561012227718	0.939390587306879	0.267417288524323
0.00325941779212867	0.0505920331134543	0.982969823497902	0.480314704749145
0.483722300533626	0.239138586887474	0.593647143099331	0.845099736722988
7.5344363397251e-05	0.697319219918553	0.0945931569704735	0.220225088686704
0.0702615777681036	0.311420438615528	0.939118885387899	0.711561817408074
0.00452284129233045	0.341517180960394	0.512862651385956	0.922182648363399
0.562360232511017	0.153752784713302	0.971896286195985	0.570495346585666
0.063691538916965	0.531919203107355	0.611791007182566	0.677204372104852
0.10756222313292	0.12202368004671	0.832642022637543	0.796432168269738
0.20547859078366	0.183099120149787	0.454310910073881	0.748702217922619
0.0521292286969148	0.126886084061399	0.560502215605247	0.241547431012561
0.000123597980076072	0.407100597781497	0.969268468469067	0.988787970637473
0.01415976208536	0.286765463397804	0.74023405945248	0.0808159372759349
0.0515511682967314	0.054704311706539	0.993903755098317	0.338829632997915
0.00158419102749797	0.04666535281474	0.937058475885419	0.409914851768725
0.00617714075761327	0.0490729167812355	0.700656565020389	0.822022394257336
0.0152912204713675	0.0109178652714931	0.776967381987577	0.193873428504764
0.00102097556496912	0.276660699389607	0.956738784661775	0.297117213380946
0.0203557638082424	0.350690708271473	0.947157742667182	0.689660554011859
5.66056780272998e-05	0.218140767426511	0.909651285986732	0.147405435478415
0.0018210411550263	0.52396961613419	0.198947337962479	0.595307375354398
1.92423280043576e-05	0.217942716080792	0.251906259780997	0.171918366042807
2.5702564336672e-05	0.0045349688254971	0.269379505671043	0.00567386313583421
0.291228359835362	0.546176842847596	0.664396561042119	0.473222196829157
0.518072745456699	0.475017367197939	0.0715075547331818	0.0968917167721136
0.00237491520618663	0.577624590585607	0.41194421923593	0.952110282593661
1.28587982656248e-06	0.44368030088873	0.979093681807724	0.457731958847096
0.03375375304788	0.814018720434961	0.669523712924703	0.541778757446469
0.0532950342156952	0.447003571515933	0.887409396413771	0.752420158986237
0.01573663112652	0.442097978889378	0.867678911610482	0.880634076408419
0.00144649033341013	0.640968361070777	0.997950319637433	0.418213216426987
0.0356117193394791	0.14954050467218	0.802559195408414	0.340033546671625
0.0230564518043913	0.318688641380734	0.737579892136291	0.893708324936497
0.0738767174846405	0.161149302110948	0.88891400558271	0.256057245877136
0.0972165852793838	0.0276308798405696	0.389544173540562	0.0300895997273918
0.0948539273659497	0.0679042790517965	0.764565494376851	0.173904482884385
0.0859304457352708	0.0635442930647019	0.501770877063278	0.656527508957307
0.00902596215833578	0.456548703062955	0.390042868666237	0.14635498332031
0.00147473998190061	0.0444087887241145	0.806793822381361	0.882513263405708
0.1087981084742	0.677732317544386	0.668797767825985	0.25599703641281
0.310213271789431	0.340354075553214	0.361261673701216	0.0661476655039342
0.015331829504771	0.6970391863399	0.0487327085168208	0.405052355978858
0.552287250669206	0.342890909833952	0.124815899290417	0.0396094189884228
0.00116441019187425	0.470510674861735	0.943515337049481	0.147489582034643
0.000486199487182055	0.645072111777669	0.725573674711207	0.0114936916037906
0.00275097235539015	0.155052805699445	0.361543719404635	0.995584538733859
0.103474236701875	0.724980737072142	0.897970662004027	0.683492393215797
6.71896791618693e-05	0.149271930615775	0.366123950323075	0.592999420023847
0.250620304674976	0.029797603617044	0.924996177158663	0.913602002328284
0.132938941889109	0.652348294681988	0.730156200771363	0.246362139299101
0.0703491987194018	0.0953750052754355	0.801841929424113	0.710854331895639
0.0174343640030417	0.737117136460914	0.0792075052776105	0.955674561958787
0.0558675409747568	0.101365653002637	0.0553333770032144	0.437970110007942
0.00191471387891152	0.596066396009883	0.936241583515604	0.992459270250901
0.0196554377460924	0.746360512777984	0.822053546068447	0.00480499488616511
0.0209674754958698	0.529437925681075	0.915733078752605	0.300223917949638
0.00309427575775868	0.792523360811928	0.828279522440184	0.167828852574451
0.2924525779276	0.957911887528312	0.308598405741915	0.568420829352037
0.143877989410196	0.227875311748511	0.179826590165663	0.123507771965617
0.12073880668609	0.189496599115976	0.801559825885042	0.156990139126756
0.0188721745190961	0.444284086196917	0.630405145561738	0.875822119221468
0.00894312759784633	0.934575261437564	0.912974631833972	0.646476855533302
0.000603338210501202	0.0210394858253911	0.776076755961839	0.707230887084015
0.0111706183626412	0.023972674032183	0.282418875906887	0.503046793739092
0.452609156293605	0.811389027640814	0.911074989854289	0.038360821459962
0.117640179131991	0.923687793678587	0.809773986556417	0.187640619791656
0.0478035471148837	0.233165916654896	0.578761541988111	0.00666623130168341
0.00426349694643342	0.18498962922872	0.944982135054826	0.994908716137328
0.00803422184174547	0.141817088271262	0.507315267807524	0.626208274902184
0.00180293972817582	0.486026673775325	0.177145619900676	0.979819100438784
0.136117536371964	0.497516601437835	0.820731586444651	0.854571754941712
0.00272467986638929	0.0326488009094394	0.721820951946842	0.163406470291986
0.180295959821026	0.271657631881915	0.238089422355441	0.512156872260717
0.00991739164567379	0.101182745070322	0.21888098641583	0.285255692015914
0.0269343680363249	0.963376202664542	0.383932869978763	0.173520689937327
0.191262923929287	0.03136358207795	0.769078671444872	0.264872380180968
0.0421552704592457	0.364247144578467	0.873365399496747	0.520465565726867
0.185027549504739	0.74826472569165	0.979020298017738	0.531100258779495
0.246923038601612	0.230432229839757	0.468893914019371	0.065892104948895
0.130714150807769	0.0758840849940029	0.566198733631376	0.416510012937879
0.109144433716781	0.288501495135043	0.0709003335519277	0.00187409334540618
0.000165381791633059	0.303292708124745	0.601361449505198	0.471185996271295
0.000446030989009087	0.26093708804707	0.323336571531301	0.917310466978065
0.00215536534037932	0.381389537214753	0.835611179450559	0.762161997332011
0.0109984816354637	0.556254687965619	0.880196108200973	0.451341170074007
0.0210895009718777	0.20451401297492	0.738970263624415	0.571227236244668
0.0332038856780782	0.0968062679753179	0.961351429906002	0.823585528438951
0.0219663392505879	0.929600145944617	0.607042218596538	0.68003588114572
0.0115199971048744	0.133023498617081	0.985742974248086	0.803984699811072
0.0302307028021608	0.0466429957063062	0.951561562965003	0.011039848713813
0.00026156437935845	0.111068508953728	0.795951824848715	0.843462288150716
0.000286050914760866	0.30211690634955	0.993488587087175	0.692375523980615
0.000251286191380617	0.0488813598522063	0.314212892673592	0.824276616929358
0.0078100966720641	0.312714379299791	0.773494396674256	0.942608039773931
0.00125714584077387	0.188345861036339	0.703250518201397	0.0867133163734037
0.00611743172806808	0.132345390763623	0.55822560184302	0.140282518696488
0.0305481327128907	0.355941192918466	0.999128928690824	0.510120573432637
0.0296645414832468	0.0131795344088564	0.339867748335605	0.856203618420492
0.585174858967955	0.801482920892487	0.45685537303757	0.310154134724387
0.0018767775499706	0.949371020092724	0.996007426489941	0.159823821220925
0.322933399356686	0.397604546747954	0.473719178733498	0.108409580269207
0.0695110670840563	0.179089866406177	0.929616703437357	0.223595245945306
0.0184879298431856	0.382023869099003	0.486999456275695	0.834160171196406
2.58073685074212e-05	0.889527090469372	0.0687769475690574	0.889011870543295
0.0216436816552245	0.364835808185963	0.880305428102893	0.968750360514942
0.00223857341697532	0.184095838054125	0.274933198259069	0.00048532955839157
0.139075109178312	0.23587829258486	0.179598423412469	0.360833903519066
0.0913218828239748	0.682496226465636	0.901564294938324	0.0392709440724186
0.175065278588671	0.06335743075025	0.35944518846646	0.991351632506014
0.190901916835143	0.0177526340716847	0.598915523529286	0.0691249186317414
0.0172173868141044	0.532688015865936	0.625327177412501	0.879633666096567
0.48154255545053	0.965405431579573	0.999724081813417	0.112793702145262
0.517493628256464	0.634179289791267	0.990564903092336	0.574706725273477
0.439540566094815	0.00711248453499914	0.566910010498398	0.721703582540844
0.040580145526753	0.349216688824984	0.747559196833265	0.131090345131222
0.231456421605029	0.203326126786032	0.875724845128627	0.668087680369418
0.137182477249525	0.188704942921606	0.897435556033802	0.456946115736191
0.00594903100397625	0.864523298187901	0.777018796038544	0.670800424066189
0.0564291647289883	0.464322570134018	0.939231675439333	0.502081744582529
7.63820044734112e-05	0.338919812321787	0.78704984774307	0.0909720643967812
0.188512427266582	0.321019051177488	0.0279798998164609	0.875687604156578
0.0379479042476298	0.393137472247181	0.834937112610368	0.946314668293238
2.10711205421321e-05	0.944602989519486	0.393007491495188	0.0300328737639946
0.00016344347385476	0.322726525087709	0.997984037409093	0.147216152261899
3.8524969019661e-05	0.0625449921645585	0.82752443188574	0.320824741752279
0.11400916706729	0.0301697603858711	0.797539470487743	0.0275057551967338
0.0591232612575494	0.303987916448462	0.907940940167392	0.385585154889518
0.258688134669667	0.859630023836251	0.899415822018003	0.0609186177147425
0.0709389643842731	0.981847952959626	0.752875243681886	0.982452073256953
0.14239420934577	0.804707365207997	0.966180189103962	0.630828155747266
0.0546234412022261	0.828244116399941	0.994989647732323	0.47907940885647
0.00109928369732025	0.237274024629471	0.433666276576513	0.624858647198498
0.017514579157765	0.600254602437833	0.979597864468879	0.227078036335194
0.00323547848268056	0.0102931518900917	0.227970888007791	0.674361424470528
0.0914744383218617	0.29276089863762	0.326636850280092	0.0508794687642862
0.0166608728660043	0.893243708249904	0.977850121837285	0.557467937325531
0.0896668676422172	0.817696048757023	0.999471710068803	0.46002139866258
0.00932259115163339	0.0704019023095505	0.189805316833186	0.695761239392539
0.0423890494022272	0.236102952116151	0.978648184027439	0.870431670333704
0.138701797948257	0.0643014741327522	0.674506204489057	0.741481563324705
1.20199199230239e-05	0.770974026312679	0.643932442222077	0.0348034854191476
0.136327593673322	0.505145614129031	0.872900979977704	0.808854000082875
3.5775829487425e-07	0.668389115551076	0.632049063469967	0.275263594827949
0.0423939868670953	0.0817241464593866	0.90996966774657	0.170482208053518
0.0328831040356854	0.554081539974538	0.437758650515931	0.690235347580907
0.0116700572983297	0.542527529414185	0.849422349740484	0.0655752584983157
0.0342840299321733	0.000312391114425166	0.577600874215742	0.858200515538485
0.0721955642556606	0.106912611834416	0.21488589087194	0.852151895961642
0.0117389907362759	0.0992706669046669	0.221139434384755	0.526569033213178
0.0758306948503679	0.228493796941343	0.772063958737228	0.342594444859082
0.0268721799237807	0.26195327687381	0.937829820113249	0.191490939350781
0.000128906345213746	0.0296935959098115	0.907926258253034	0.636451961257012
0.0838057448526644	0.259077156931948	0.859131619691358	0.3741355413379
0.00992908058992184	0.840039431595256	0.939911885300581	0.677322775842555
0.0026396355210202	0.23870932600367	0.953240301314321	0.641470698901769
0.024940368124402	0.48207303872103	0.587977301776916	0.0163349122561524
7.62163971185276e-05	0.529900340698208	0.667799749012458	0.641356334546227
0.161938013262317	0.317756119334893	0.62668693645051	0.051925503204158
0.0108678276885611	0.0328255840219886	0.834485185701919	0.205574707955191
0.22405161969698	0.0913244560094584	0.987620114451512	0.240258022259579
0.0963468787788235	0.183136617753783	0.0374321344105818	0.824811174088536
0.000796422721307138	0.177651817296557	0.995653319720532	0.281945601615061
0.000143221388301629	0.651723138663986	0.819653309340125	0.944360212308113
0.0998982925076198	0.0841825934969583	0.993717243127851	0.00241515092819998
0.0400689553180164	0.609534881499632	0.920470865390652	0.784888374975075
1.22676909196242e-06	0.849763388171742	0.321126708129357	0.250142951109356
0.0822762594860991	0.633506153920357	0.706079974591299	0.866678336814891
0.00897131157658341	0.0753088824962072	0.617012193369467	0.0234775572200851
0.10382256033635	0.493147900722589	0.592849762517481	0.918849235818087
0.096278868399551	0.658082380806918	0.976698135785188	0.00688647421465356
0.0390272172976766	0.01844437159888	0.889574285004911	0.574673365134797
0.0674745943942107	0.0253373090829495	0.981417241635378	0.0971137118328479
0.00040682572878445	0.10256038057336	0.986407138394196	0.532112974811431
0.00171258977524975	0.0131825980769093	0.989750314998759	0.661826953215389
0.118529000862388	0.742791234019736	0.363926705332726	0.212556664832301
0.004082656490041	0.392195421175528	0.754075479842131	0.0421116641018605
0.0818293986661652	0.599592109852732	0.194547957009384	0.498071009840707
0.000136647977886499	0.126979936984497	0.0295484781275196	0.670418205244763
0.0783525419591901	0.249481525176871	0.994915673481644	0.387702327539785
0.00353726740711097	0.971186063384751	0.997492216409019	0.2641430761904
0.0288293754519423	0.866913349383254	0.948881365998588	0.908808407448156
0.00352640760991263	0.599147262968568	0.88437306088696	0.256452682452175
0.616707531764266	0.291774835021953	0.997718831700537	0.614719139892135
0.00702515556969107	0.0763473469712349	0.999009254393617	0.510307455214424
0.214530871635061	0.447874092219701	0.960730966206262	0.240133938370247
0.0350394793869027	0.632971159745331	0.970126719502669	0.600592468474935
0.000625510869182994	0.083975904569251	0.897757161188155	0.0545792091658546
0.000236950475499749	0.358923092171755	0.939726540305976	0.310293139377769
0.347403923246978	0.0452997854889245	0.970834963760844	0.0415578529471223
0.0891271749735514	0.431070489214406	0.680026585901069	0.351601063361081
0.0611331542579826	0.819235641373767	0.900679963763214	0.353724092847675
0.0316657738114687	0.135160664869853	0.65651452055757	0.91508034231264
0.0149176340993531	0.577595169691304	0.347201676198812	0.222651893215775
0.0110511210574764	0.497410112055963	0.998653367456827	0.450756961912575
4.43540425508847e-06	0.274915746472443	0.876915362456844	0.0417428312422562
0.0777554018140381	0.262856799064556	0.922146933868911	0.50627016117162
0.326959691390245	0.0431460736635038	0.940107803353002	0.00278224756585757
0.002179554472846	0.0636499766714943	0.29297252372544	0.924427471763678
0.00581595752354523	0.86579457925157	0.955515623127836	0.250770371834197
0.0292871513076807	0.27469043302482	0.687424913134744	0.887053864438139
0.0142655058342496	0.291114558969997	0.196464054574985	0.636414559144698
0.000535335634772317	0.195946767044807	0.92915339121661	0.5483630007946
0.0409865435226208	0.484924003693604	0.844913711125647	0.366327281547855
0.0595841266690932	0.55034249743177	0.860099657592337	0.519652082156893
0.0232155862730785	0.396422145287608	0.931853456243101	0.204978205966367
0.00660800472346918	0.31964114193288	0.953655924668643	0.757033914023503
0.0101072584626761	0.0705973531550068	0.357159131993246	0.827936134479351
0.186809427004617	0.254390112060811	0.654706131391825	0.658094115745995
0.00193430202632321	0.628634342760855	0.93788591382516	0.966921802196031
0.191375333578758	0.300979075683869	0.95652766450735	0.0868694994030595
0.000611386581086639	0.222894964665018	0.610641670348361	0.746763433071928
0.0187176110215345	0.57504536141976	0.11956330862408	0.48592576704953
0.00855320862070238	0.572633074785509	0.949423077542638	0.54983954987545
0.0314165421797937	0.812693424136569	0.493003281853644	0.416351529364051
0.205523545642885	0.227044081447399	0.687717020307045	0.343111532725559
0.012614753320231	0.201443606960388	0.985711317328534	0.969182471893304
0.00297230543305486	0.330461702479707	0.938228133503481	0.333701376232625
0.000304637340608497	0.333270161786026	0.971608421523268	0.164420723279879
0.000110138411029896	0.676932299184994	0.165989986893821	0.701848970488307
0.0250338253171984	0.893926343811597	0.2006897325226	0.292813670448162
0.104174377984517	0.674263159318038	0.772999535699801	0.175304140423642
0.00572448078822236	0.0288137210682196	0.633591182452075	0.36467794192529
0.00191838467820783	0.474942413062046	0.984492122023548	0.935588708859092
0.0113708992963252	0.00275058851616083	0.790693658342583	0.365411260173042
0.00177704577110394	0.591615265753408	0.964107807214872	0.30868877494933
0.0691160423171771	0.228648019234413	0.902979837761233	0.398867291826057
0.185635415563882	0.208384897595511	0.897227675968227	0.0510495966882889
0.0783242357827394	0.147766708656092	0.861275609440408	0.136678095602334
0.0226136488155759	0.0800274098348912	0.449940036150009	0.25406525120167
0.000410153341584992	0.261250354873521	0.895682594444149	0.67366568456888
0.0777810722247306	0.999821565810008	0.067022057997241	0.764923525448759
0.00616670475365389	0.603623254567711	0.555432425216702	0.549565135211441
0.00212955087736452	0.934813554238823	0.609007182534401	0.687962557333501
0.0305140941033221	0.150393767659369	0.944550751280393	0.0579559697736222
0.427424494890992	0.166856157041613	0.477831690898199	0.115623905326738
0.16081607868306	0.958892836835871	0.854079099124333	0.963616864257976
0.0141823429706905	0.00255394968381508	0.320024087932886	0.367569400539727
0.0388463235969883	0.988072462284078	0.0189000862156534	0.00304234566383863
0.439487776210622	0.321906843839227	0.871811374043031	0.596583841196794
0.0254316830433007	0.833788433490838	0.855917647673639	0.20216195850781
0.0446651072152135	0.74754040209034	0.92000183480211	0.193985908996914
0.00563262671453646	0.879872016682408	0.209565709582549	0.341778992968364
4.24534908922696e-07	0.573438746821052	0.459380125824117	0.502631365715053
0.0204795041693699	0.055069296098855	0.881670066077188	0.744493291588076
0.0418093988182507	0.363325505823305	0.996572432039265	0.0816545915861649
6.16196187837463e-05	0.0178281223863025	0.558996203562902	0.993052512427798
0.00431625316568193	0.827378620717754	0.73737104365834	0.429808068458132
0.00296592365679424	0.136190249606322	0.784509977610556	0.231564555453308
0.0718592158160773	0.704938259278123	0.745689156093285	0.811424547232617
0.293019281053687	0.329344093621549	0.861137397353211	0.885067619274337
0.0114780867143788	0.688589582173174	0.711110340919007	0.115468306147746
0.0136719165023185	0.437063820697786	0.935383458845517	0.405346090275139
0.0552677680441288	0.481447342828014	0.849219793821669	0.525743487999378
0.0850558888349207	0.041868958712599	0.992809593098461	0.25745716229347
0.734751101185349	0.25161733679301	0.215908978109885	0.0737897172599266
0.115813352009099	0.430720141176905	0.982311891036121	0.131883481553959
6.65600450256277e-06	0.0480481749948416	0.0882890577501061	0.00371599591097168
3.27992756620385e-05	0.307252653535421	0.728368676165704	0.806420806943197
0.0318886681781285	0.536575046236001	0.709321579020402	0.0502400570613944
0.529838894492898	0.155848132593171	0.999295713054096	0.325516775610708
0.000473228240830725	0.755902620690515	0.988386986371317	0.739159109927601
0.0132568932036196	0.323750559228352	0.99861947831386	0.635175180344581
0.727541085950118	0.260146231049147	0.235886940019715	0.1826275624151
0.00284652860945207	0.116921624298204	0.992462102890543	0.300627984409305
7.456163084617e-05	0.949982059138768	0.992285712262274	0.828284208763824
0.094258300239841	0.0816468609347803	0.64113953497972	0.672139712520179
0.0125956721982168	0.990926958536863	0.280482255426685	0.199508806977764
0.0120753414378176	0.145830048540415	0.168036757959472	0.119872974864525
0.0148799574754384	0.146558398981406	0.326980367974598	0.590991761277606
0.00823916826070334	0.0400026657709728	0.796877422628502	0.242014320446614
0.0314898115040217	0.0673224192169215	0.447612298305889	0.550045763543925
0.2010383302307	0.736010992355662	0.748389383290318	0.0696864215495564
0.790269062822019	0.164846425313617	0.775643489354144	0.415360922065944
0.136112630465097	0.344510454163535	0.271716358700419	0.336375803433727
0.000998167145328848	0.802191148196693	0.491263097696019	0.212182085704424
0.0169230986162506	0.117722422980827	0.541593897008286	0.509201262838094
0.0475948237640999	0.474166415848221	0.983407033075011	0.796379621159107
0.0151679648671283	0.600384427893787	0.432442878863275	0.166868405453858
0.0693042042349851	0.768688462710467	0.476765474024291	0.503837871589475
0.000982466320124574	0.986666610222489	0.82223589726954	0.861472618400495
7.4547416322707e-05	0.810849330017082	0.91094490635124	0.125080684963795
0.111444720246022	0.00654808077621287	0.926363962312614	0.773133424023811
0.0147989063649779	0.908532650645963	0.71369710674488	0.876073681757156
0.0145845068379094	0.562571862429551	0.975562128404611	0.402456657573563
0.0160644782483139	0.551566099485414	0.977094075370796	0.872949544598722
0.327150008153263	0.243743211454205	0.478728127655017	0.452407957624456
0.00400465549174886	0.906888440821964	0.784255604946798	0.506705806903319
0.227327099763583	0.50707374690838	0.566964974926391	0.189801129776581
0.00541132694594773	0.991967894076016	0.999919746913649	0.487030047382734
2.58086416109115e-06	0.0731175804197664	0.0245960836609532	0.857675055463313
0.0643891173561748	0.304622899647002	0.505655352189399	0.0735948176553204
0.00802181315493447	0.90937862524986	0.357570780855228	0.229416065132144
0.0180576863946085	0.666455555260613	0.957698243779985	0.199748109634003
0.251585699678388	0.628568636420538	0.980896001713104	0.540403555893012
0.0504986375744511	0.0185850747470139	0.810675435736826	0.36021030244282
0.0219347763675325	0.521193934483181	0.5500890823043	0.753941641826243
0.0199022076579289	0.225401607269664	0.149516740391552	0.598639484778014
0.000336120224000013	0.0505248821616013	0.260208247550883	0.394907304731553
0.0627306342696874	0.725200787844329	0.0656681115441704	0.681815633068055
0.561622622982582	0.523261958622871	0.989744287650164	0.193061195040481
0.0653066022866186	0.441993100804165	0.993724884929091	0.4449114404478
0.00953746200254044	0.284799626626357	0.732713366447528	0.992579808965118
0.0233955366970274	0.0372508888518744	0.975190277174332	0.0689728487623541
0.139837149310626	0.767119949212336	0.961717845222796	0.67949912192287
0.00101990721498359	0.0238284450825906	0.613419840375262	0.864388321935581
0.0900741524860306	0.0873271003736378	0.106896671676587	0.240156473731003
0.0555222108098569	0.994513050075945	0.934312342741966	0.399741097797487
0.0125639463977648	0.162194414605187	0.169551837718482	0.97894697127531
0.000714034791278525	0.281671331705741	0.989178567836915	0.877840158213745
0.00243544010396796	0.036243857911002	0.912527230697623	0.994077359052799
0.34973945785122	0.0236031492913987	0.999973657942461	0.672785657153048
0.254313394396529	0.796968050397169	0.783475914152522	0.536723366423725
1.6702978402785e-05	0.109683038509185	0.995324498550422	0.810351268676822
0.152664554539509	0.124970910184254	0.970428375032939	0.45203976840594
0.00399974950523995	0.00688846671515739	0.932705071401962	0.447852613387949
0.0021124215278934	0.331265325218639	0.59038862131993	0.133097524507665
0.227912065328466	0.0226980680517993	0.0221663712558824	0.133578985692346
0.000123209017172399	0.0170744105827058	0.261368357841383	0.140409790334518
0.000282531827346201	0.11109352876003	0.882361886635306	0.693034553865412
0.116386678970056	0.031963423730328	0.971569221973375	0.00482864487935495
0.0276646355749143	0.41210399303108	0.364988817689403	0.948853204688993
7.37971649681753e-05	0.773294878516364	0.865628092834708	0.74765144653204
0.00121979228958916	0.115951203684441	0.990476321596448	0.641573751272067
0.0412234388970543	0.0822071547738459	0.49685266624094	0.464557178251398
0.00516363139752968	0.0738675333598904	0.720735991067036	0.362945759472201
0.276615231473181	0.199035166991672	0.886623378000407	0.9426459101468
0.116280286822657	0.497895155993961	0.913306084998964	0.603213256542963
0.0351706662561011	0.526279416607416	0.840896331924091	0.952295695059784
0.0173035226316604	0.74656583015609	0.05419478230115	0.60595534975002
0.00126709313581964	0.857903210182878	0.954798100550249	0.621946076530122
0.0128471386786136	0.232415638851074	0.688608584032968	0.686212128854095
0.000844315163190172	0.744312014858022	0.794506880933964	0.00203932119019512
0.00680183935256996	0.913828685473716	0.549755486371718	0.474877982115
0.0468110590731556	0.57713988654488	0.982058807867644	0.902743708794831
0.0385068378063075	0.614841307708395	0.723085774047589	0.833051343564353
