X1	X2	X3	X4
0.949293513179386	2.43319498755795e-05	0.841042030758321	0.184231329606618
0.937513874654365	1.85149301630941e-06	0.263148298380663	0.012093551098799
0.660466853851094	0.00551966625922213	0.412561402412972	0.197860181718886
0.782544573272555	0.0012596027055966	0.766736736309805	0.0265412205362696
0.824587643729339	0.00154852381728848	0.966690766255158	0.0430371824356306
0.81702624394453	1.10853939161329e-05	0.714386480901911	0.757629212728941
0.966359944432306	0.00357365441005099	0.739865302463972	0.638850369162494
0.88964333112583	0.00347149272552419	0.150531371010087	0.478466392397605
0.215462145115073	2.41578423269529e-08	0.876943534820106	0.000681819854360373
0.79676379729389	5.53377767979694e-07	0.931225163093434	0.0989635217755918
0.937933104213922	0.0146259729502263	0.899563309738305	0.00289261464646575
0.181461551576207	0.0201398762496497	0.972128958281267	0.000411497117585126
0.573363824523713	0.418624153884972	0.234636889583057	0.0173988595440247
0.520478481076432	0.040168140285313	0.889627249837701	0.199094424163598
0.224552470114405	0.498056667408616	0.804239219467027	0.0146711530946536
0.227755572483114	9.25249141327482e-06	0.946964203810111	0.429600119760078
0.241799803213719	1.69245571360192e-06	0.917066117323559	0.00050561062386172
0.614140338756702	0.0802968444561158	0.514508249998589	0.24751367707121
0.518254111410251	0.0272600920732202	0.80378981176438	0.00591363460104618
0.999323319117744	0.0082732700174672	0.881957540328907	0.258251963306759
0.506653660072853	8.13069315555188e-05	0.995903573238929	0.771524030100314
0.331694432096795	2.25005292377674e-06	0.957599845589862	0.523130993791446
0.86022213353194	0.0022013448077012	0.705691950436863	0.0192073161166742
0.234583140689223	0.00157091291766363	0.994983138550593	0.000601684957563732
0.474287325677061	0.00144091301308795	0.96875807309081	0.403981360462246
0.997519228669048	3.19937847960903e-05	0.728902234027177	0.00173178118230309
0.851515464212665	4.9470618820446e-06	0.985116041432123	0.353190476653268
0.795518596907518	1.80043545536482e-05	0.705669263113931	0.663173453411582
0.337005431321638	0.00732810436919499	0.883723776232672	0.16582985813975
0.31693178690907	0.00145762954517339	0.97835239840852	0.296511126894778
0.479613808976902	0.000235199446387082	0.86441803280525	0.102360698645766
0.743415029347816	1.21413508292372e-05	0.707770424567083	0.32898726757676
0.999941039003532	4.54886306932099e-05	0.919279092948358	0.066418686131074
0.285022099436085	0.000102683941015881	0.998643278105057	0.711947126222721
0.928769535033855	3.85364470454065e-05	0.81170580348171	0.0350107660112209
0.867862047016673	0.00321730726196497	0.981047242149976	0.387591117121767
0.460937734474968	1.0140368490368e-05	0.846544731537422	0.882604087432226
0.970473526798204	0.000168180928703541	0.929913351471917	0.0918625623640149
0.819641616235297	0.0306210072239796	0.174753151358227	6.02366560127427e-05
0.765479022970781	0.0263194875879837	0.480407701747924	0.000777115996661726
0.893172353719398	0.0353132344888191	0.906652643017549	0.00348248179472267
0.789716627954409	0.240299668141742	0.961733833467302	0.0916348614408155
0.0781858670945233	0.000202158195145445	0.55546614974387	0.0471755893688583
0.45833419541486	3.56430656564633e-05	0.369276340305802	0.181616608362215
0.628560559992621	0.0307020368087761	0.843310581633255	0.000180009121525178
0.667448890924512	0.000260588969483518	0.458912496698839	0.00224479001999152
0.641689962497388	2.58267493446631e-06	0.970337593890553	0.344157545948147
0.547041348564575	3.42532414105975e-07	0.460071450339396	0.612471194529889
0.437991533984097	0.0122986589526442	0.475836023924612	0.000122810166582864
0.97906314596759	1.88927713163854e-05	0.193152355505432	0.0133654755987687
0.337215634803756	0.000483806978298786	0.64176177655502	0.0430559214722188
0.433232676347919	0.00115881540665716	0.953473646243205	0.324337464450915
0.968798994111087	0.000867951551559786	0.965123328362219	0.0901208338862401
0.87292924674597	0.000113113303382838	0.981120070228938	0.916748414012096
0.280156975604063	5.40731949320942e-06	0.986594878218904	0.0934773331363495
0.297983533276015	0.000161784762205801	0.206012666989525	0.0294701493054301
0.998525449025187	0.000262441070458729	0.120296560700182	0.474420369235932
0.135445264836766	0.000958466489235726	0.798418857963821	0.157622558863754
0.706901938380363	0.00399725329533231	0.445938277938304	0.0337362517293022
0.692708248706133	5.93770059326168e-05	0.453874966520982	0.0213193872682442
0.15434143867219	0.000106299434814774	0.899551707929174	0.49099298629785
0.406576676983956	0.0204148350298591	0.834244563833018	0.231901242341321
0.305058357487521	0.00853826029798933	0.676369352892165	0.941110091476188
0.991393013207416	1.72404281745971e-06	0.978405724572281	0.0408461584235676
0.414349102745313	1.02083051610755e-05	0.924706194284205	0.00134143470439513
0.912570321113656	8.44482633072567e-05	0.791774958077969	0.738803537898021
0.965899985753836	0.0286920002390004	0.489428441111055	0.0756919813458451
0.806376642873736	0.000203913689563675	0.695464962736022	0.00272339354725621
0.727127416805904	4.65813143826897e-06	0.978002159945432	0.867134154601223
0.703902079097755	1.86155801383205e-07	0.0569816637213142	0.840970318338631
0.231679443116436	0.0018335868323071	0.422594181090939	0.072391024506057
0.616416595551782	7.25301494990839e-05	0.703440811171156	0.349579351481365
0.567455438823457	0.101164314061515	0.810491477735681	0.000673750214476033
0.99598955842468	1.02357175075969e-06	0.948785401813192	0.0649962431725909
0.615923975719168	0.000133332156900256	0.552090079993254	0.134521913782322
0.437206486485451	5.47251982882379e-06	0.483601557910644	0.0250123424221461
0.857814564010798	4.90536722957393e-06	0.933544830252038	0.137247225381141
0.834051524084469	3.03963320211686e-07	0.874624264114437	0.0484655548467084
0.952895876692944	0.0150335694784459	0.585260192775199	0.0141980822910747
0.0730764465124928	0.0155880995058584	0.764121766576374	0.315939044832392
0.748528503598697	0.0285392896840656	0.79332850901659	0.123229864142807
0.10480460269762	0.00427130831875297	0.792565509986194	0.0935793065243519
0.897324951854727	0.00362921149678942	0.366898430603519	0.219539545157767
0.553929286424607	0.00157514876243215	0.0675553640206491	0.478632735769004
0.867435773404466	0.00575492677797563	0.996016045093144	0.453263693533139
0.251873298412125	3.13719767342613e-06	0.104587585180462	4.16063000336487e-07
0.966387688527418	0.000592839259075085	0.985668408604408	0.0494227499307506
0.622841771459395	0.00295960648185567	0.767872598653764	0.00264988530326261
0.795329832211644	0.000297242438819849	0.880865511090968	0.0011080752967154
0.385669556219715	0.000116182362604946	0.196367163392561	0.255728508291937
0.863742732317877	9.3236089142385e-07	0.215312061188821	1.20264168222267e-05
0.955046193463509	0.00269338017980035	0.776644852921791	0.964407581199594
0.983988191881222	0.0589490695070242	0.812431379220726	0.0274902653733175
0.437109629989886	0.00317477746765033	0.995333659785082	2.17440375853481e-05
0.992735812129762	7.85878501701418e-08	0.997619998774034	0.0259623364366904
0.95989762444421	4.08390942493139e-07	0.846512360286507	0.438187398132789
0.838187514701736	0.000256985925999994	0.482043562582028	0.170348872746046
0.825675683883111	1.29012265650053e-05	0.846051137131629	0.272538344841002
0.10802717700824	3.48045748655628e-05	0.912503631412568	0.00608570058937594
0.640971294635365	0.0665227780400205	0.351223221768124	0.158624863262486
0.39124633677308	0.0309323426039053	0.853022719695872	2.48382144701957e-05
0.969294089951937	0.0053220427182714	0.475539820745195	0.0191513298813189
0.326069000213895	1.73104882657862e-06	0.765547160478514	0.0177256772079086
0.539156871233081	0.00479807576915522	0.586724996241899	0.0458428213938821
0.313445961037332	8.02788488652651e-05	0.916230172663091	0.0300914448573173
0.185796184830422	0.00127836185522787	0.81339452421885	0.30324559494601
0.403486968230324	0.00445893002263076	0.703030735079288	8.22686627283757e-05
0.795848632242932	0.00142343247505829	0.89237693987551	0.395748351652035
0.882052722395699	0.000326758146079165	0.549221086098727	0.0408550091925381
0.980472014420426	0.00332180754129332	0.96282502758848	0.0312904522292529
0.845152560585444	0.0635301651272579	0.979002194636417	0.912701260750144
0.421592608817774	0.000573599325912417	0.399455932221041	0.00541937370124299
0.973727121255834	0.000571566838228716	0.736191252661919	0.010422087323886
0.167297571886881	0.000351662785502136	0.00158604818652163	0.0602211473910093
0.948010402207343	0.00387684650495697	0.869190374219515	0.051444722809435
0.0619588690386307	0.000106229469813041	0.639437261128087	0.538754066356561
0.886872287770313	0.000106912392882457	0.842706077762475	0.158282198431415
0.853285605035583	9.90708836366517e-05	0.734564894801571	0.64338323881331
0.990001409849924	0.0465317714941648	0.989168102178584	0.000439311758240161
0.980476593720183	0.000670382531681361	0.992366727077757	0.0119161195888938
0.757515224696139	3.3542111755829e-06	0.927122985516287	0.00857288354480344
0.541296092427497	0.386522771350141	0.972490309566609	0.0324412601945976
0.993790791488076	0.00127777503178063	0.142578672755338	0.107393263760341
0.500061806905306	0.00396433074585705	0.916699749637273	0.000921359358543824
0.851960017760399	5.63712461344538e-06	0.947165511990527	0.499000699879447
0.437500060932176	0.120901388101525	0.449325117107516	0.0765232638521886
0.902020438955659	1.85897255885838e-07	0.988277239489889	0.611583445036926
0.513914221762929	0.00106667726334487	0.800950541853806	0.253546259175146
0.96019904327872	2.03989856603787e-05	0.832657426303666	0.280836183002498
0.465029637093662	0.0771887140808434	0.209797562175242	0.0884190151370593
0.966941867658239	0.00909384325174562	0.907713845880418	0.0319211700647257
0.877656262690301	0.00100362622226578	0.194596205644037	0.0217409575476829
0.276110784099807	0.00584202003953535	0.964508907665667	0.281154987738772
0.925597369344282	0.265386902348536	0.971351042941702	0.0234532105058807
0.715575586334124	0.000118609195548696	0.936471677080977	0.682439574868248
0.62623808247516	0.00527229098593664	0.496839361652687	0.0943370184488945
0.925528413176632	6.46389342819415e-06	0.46748983628722	0.930929769053909
0.977419858344202	0.0446952381057485	0.894683628495203	0.184527106560142
0.718624006641733	0.0064450296044314	0.953967886827795	0.0532001108491231
0.431841169204522	0.0205959066196086	0.983404971647207	0.0576344149848512
0.302911889373803	5.73205610958975e-07	0.982128199870937	0.00270583255375748
0.952588396427894	0.00639071072274815	0.773209747056568	0.174255883818516
0.978815541378106	0.000208390391579342	0.953730249659284	0.832783617945875
0.555831418173965	0.00368540811329402	0.583882579256631	0.0416047350015405
0.256389679567573	0.000632702126875546	0.355494151000652	0.791400530950457
0.766474081038652	8.51623788155934e-05	0.852487307667771	0.550058398626969
0.970631568304647	0.00172934325023216	0.997627230678819	0.0391975116092719
0.103860651906466	0.00271480392619148	0.789668872569628	0.0986493828812775
0.654451935875088	7.67886738744453e-05	0.860060935362444	0.00954353707602913
0.124448875446489	0.0405325160458878	0.703764732532684	0.0658143378103757
0.803291366953782	0.000217770813688665	0.558254594400994	0.804897570526085
0.446734091806264	0.0737357461957298	0.445452841661476	0.334649110290568
0.862365407490486	1.17279197837833e-05	0.274225568668316	0.0825017942104436
0.361208916197955	1.53204979706574e-05	0.757271404646059	0.0979512330896534
0.536538552624371	0.0119874643622329	0.804664790340073	1.32078373256341e-05
0.555697834836571	0.000443324772567988	0.627759387825814	0.100260466187369
0.779714220038183	0.0268866846020111	0.72617715790185	0.00032612264526388
0.638754293758554	1.59916661290811e-08	0.810344504315294	0.482641262215007
0.649800090298891	6.92131883176327e-08	0.898569678688748	0.000323649681648193
0.775031469024502	0.000345211018341198	0.890311615395752	0.000485132998505429
0.535906188924799	0.000880491876562753	0.654996796948222	0.201344842688209
0.975176418218158	0.000462216548723767	0.962120897727249	0.0247552561711908
0.960385123466429	0.00995407512598282	0.617306868122868	0.236581739802708
0.186994530161293	0.000481178832309991	0.666857637120029	0.951352460133725
0.714207880149537	0.000539877730266901	0.735840184648502	0.00860053676510652
0.671207910981819	0.156715556443307	0.968296209301839	0.0448306856775699
0.784131942557761	0.000163147343821339	0.754442444892268	0.0848669526486817
0.785246529838841	3.4006867658034e-07	0.989709125200691	0.529242749710748
0.470114976748693	6.67506033838749e-05	0.961465342610448	0.904367575694818
0.997734621599638	0.00270590523155822	0.911624702494868	0.647735473484606
0.917606350783807	0.00162525875907443	0.996194441659331	0.00426419931714766
0.644586262098041	0.00537062646950997	0.854267171602723	0.178190579057232
0.99440156893705	0.00380859656298679	0.626630769629708	0.0800034624575002
0.967231041356182	0.0497670808898916	0.605327501662596	0.394066395961276
0.932772888884655	9.53739930782022e-05	0.744586544294444	0.154830815512972
0.258272903252831	0.114017231892177	0.969335561052138	0.495345702293067
0.822473381658502	0.00972103412264723	0.926286167022028	0.00274438888565806
0.913288863149545	0.00214834452783934	0.864915684842911	0.262281395811958
0.40307232188495	0.0222142431503863	0.630726298727872	0.164099395668377
0.918085209110873	0.0275147420520426	0.731210042268821	0.809683845093861
0.945374086277808	0.000639556961188069	0.424548663333922	0.139439428441216
0.977366787526548	0.00155909551583724	0.755974500837086	0.02965955040404
0.729357661346607	4.98151673497036e-08	0.977677280520883	0.000732962904134061
0.916766823269943	4.23104294939719e-05	0.888708795853539	0.337185928277787
0.976951697781481	0.0915583297750172	0.373924182152053	0.375418564427171
0.922634966243734	0.0311977821549071	0.987879017483091	0.449937589110982
0.718622649059267	8.69983093688092e-07	0.998135247921815	0.816543944673356
0.998079818980054	0.000496283139380852	0.955224686519701	0.0915794109740967
0.612137813251298	0.000428119163809391	0.686901072199775	0.0840955094683445
0.536492871275858	0.00576721897527948	0.978759708901735	0.0526572709174711
0.924166410930774	5.66199894335875e-05	0.776564696074011	0.245890852673693
0.899247792663516	0.00386807321034784	0.908778919420254	0.363912317346614
0.338044450100797	0.051488960893275	0.838725918169381	0.703997099756988
0.665875087652272	0.0289282714830381	0.596973727413325	0.241387968615844
0.987022542207437	0.00142778812028802	0.315003303729232	0.471836215517623
0.0335281438151872	4.52575487944725e-05	0.660437488997209	0.0911274050798993
0.42218987779269	0.000192001886937329	0.992964069400551	0.26686862357862
0.423040897242513	1.12622673009963e-07	0.52676229241315	0.000393842452188576
0.875337280257443	0.000484654437888444	0.472464642930263	0.952518922652134
0.902330453072204	0.0106146722192542	0.989593626914496	0.0232079743538415
0.973722010756589	0.000421277229171244	0.79337833453082	0.264235913634821
0.948310479755275	0.00438759865935962	0.868564163382547	0.942359225535206
0.847922141241074	0.00025803270488142	0.713725973882466	0.0349385438729179
0.757106326792041	0.0172230895457754	0.762321553974165	0.00571375979724179
0.874045930509805	0.0151797539463478	0.834968313603286	0.112457729614434
0.429199245868157	0.0275959342353434	0.98952335953532	0.527515314513371
0.515410168990749	3.38639368691279e-08	0.696322571828851	0.0518626770962706
0.759578311620096	0.0147229184184045	0.571484078204919	0.229872594976529
0.408922849745944	0.000118289119071897	0.824927551870697	0.0656926246601699
0.806313291223197	1.42670502488561e-07	0.535313601960307	0.0343137343881297
0.923897475973046	0.00687223891181347	0.684044078017707	0.00142839196775555
0.840976600067276	0.00182902877355886	0.607240530244253	0.0562407074841779
0.403482124566269	9.00680317745875e-05	0.774074335467386	0.0718061260011828
0.784423654237797	0.000162390012772373	0.94437932760256	0.0478840937508143
0.997058070238572	0.054682809924095	0.894704582849259	0.538886707150408
0.278307712307813	0.000842263511677056	0.638954399661303	0.0333057197371571
0.733359527973484	5.19326822464934e-05	0.542211212770187	0.00723738565311197
0.174280902735256	3.03939049665165e-05	0.968543176808478	0.192336077834752
0.97439933083793	0.00101592548962617	0.929834844798887	0.016477433667685
0.538385177489565	0.00640222445186712	0.925679823813128	0.024834591824251
0.92126751411558	0.0111275735446926	0.42961496428717	0.575245960546895
0.982728076121827	6.78172590003898e-05	0.81751753967497	0.0452325705494861
0.794283565351723	0.00580324074428006	0.444603705809228	0.980528821462896
0.980906182831016	0.0840946517865731	0.862302653732458	0.00375612701711154
0.966584859676729	0.000342361318868151	0.474049581886186	0.603743840308649
0.525472109948958	6.45303911292536e-07	0.775580058067045	8.45972611498285e-05
0.56528157107788	0.000849826269843932	0.911169267003271	0.0936628589203083
0.988352475418512	1.22719683561861e-07	0.675326210532521	0.014268476318236
0.900704961825228	0.00302378247350667	0.917865055491735	0.477092321244493
0.0853862124309236	2.59509988620973e-05	0.969875093284927	0.077218133457594
0.562454169189298	0.0639976545404732	0.929057989304202	0.00693351375065644
0.999258790149933	0.00370136730682619	0.665103014364356	0.00489928857270196
0.871911968184864	1.86093592122249e-06	0.316012372783903	0.00800345176387551
0.851049576779918	0.000448241689596964	0.930621605293958	0.546599079438403
0.856703287300786	0.0280612879766678	0.691728805185357	0.0113815675496362
0.879167082310572	1.03711519489035e-06	0.935882470168592	0.163946087575278
0.69167607915192	0.000641533544101025	0.808599838491457	0.0171753152201942
0.996753200042288	1.04342272824365e-05	0.716685464448197	0.0108019067926842
0.127175392635959	2.61868110616646e-05	0.68896931634138	0.00507931915360732
0.142433305006777	0.0101767697678149	0.583215869584577	0.0603195666408012
0.979109520641786	0.000108963171458714	0.996048176423399	0.0086273307970948
0.230273772678099	4.99053620292249e-06	0.928217711028435	0.438439137985431
0.852397126676875	0.00339191005341685	0.5084204068117	0.196933405255931
0.851916281873891	8.65521422134695e-05	0.953211693351457	0.223153988705726
0.819916488583268	0.220787305367812	0.281417990755938	0.00794256409436279
0.301237681860316	0.42554353821884	0.0281740587375882	0.000382505664023648
0.997114673277799	3.71927211443891e-07	0.750434457381117	9.71655264747328e-05
0.404498745921016	0.00110288372699918	0.991512310397104	0.282726111887265
0.867013009882368	0.00555637166321665	0.428797079665292	0.02844363222846
0.654582923814249	0.00292693864014311	0.389781284186442	0.0817725494339617
0.986538375930603	0.0026530614942359	0.103424442832015	0.0717648741518167
0.926919488662893	0.375231476120808	0.947774707001524	0.0421597933948533
0.907698210065052	0.0153345477241571	0.792434609350896	0.00205253311776879
0.984522622782415	0.181380960585369	0.819947132077279	0.00029587704024027
0.405061248100668	0.0887080118431332	0.791580340783875	0.266076149028376
0.640028674042827	2.53385699387189e-08	0.781624284748022	0.49069155210567
0.939550793168822	5.20594869658555e-05	0.940718860179519	0.00984744709537973
0.625451298343203	3.95805662817758e-05	0.403336058182266	0.482515635398026
0.099390751794131	1.92566477357792e-08	0.867140636562622	0.156383084258934
0.995020177480506	0.0225198124633231	0.805414467352824	0.685938297644578
0.798415968092873	0.000131222687849416	0.846108816093305	0.164864218920905
0.947403242530275	0.000352116337797126	0.680872236467182	0.00726279146893553
0.96252694869096	2.26496501903945e-07	0.767855310637252	0.34192828183315
0.968826015349447	0.0063817236103385	0.591850543650247	0.190602718410242
0.990910112867513	0.000103383995990404	0.74801453222253	0.289038305301803
0.624230929042783	0.000139295245776322	0.410537378767611	0.411486778550622
0.462429488116786	0.0960626709224014	0.350755729428044	0.501709199005676
0.819449383478811	1.23985924618982e-05	0.273308543357423	0.110033832199151
0.183043953714691	0.0110618151129364	0.831379540270146	0.224772149527386
0.995641403987308	1.61197531433763e-06	0.423928173039317	0.466165917200592
0.996546115066948	8.17494770126367e-06	0.631895873699047	0.00157553752305592
0.429315430683524	0.000738419422976401	0.949946233185906	0.990141307059779
0.941343176929797	2.38288773337302e-05	0.991943774524394	0.178097949581293
0.929010824361994	1.79497787299566e-06	0.806946177857853	0.045508845921102
0.846574711654177	4.57430621972552e-07	0.857837330195755	0.303294453166189
0.654875999144118	0.0019215109444766	0.965191073947138	0.0500438568720168
0.54726262965406	6.74225915461727e-07	0.97233528225841	0.390056501497417
0.959206000534578	0.0328585917090955	0.891556270740617	0.209395212915479
0.982488792911656	0.0100824014457532	0.983058549421059	0.12023321094653
0.49819355786313	0.121178611803106	0.637522934598161	0.421387142774686
0.461451079984587	2.1649515410106e-05	0.939512013978317	0.470236838159784
0.630846130554414	0.0267636146609601	0.222690297081531	9.84085473914304e-05
0.628628064871903	0.000138109134004885	0.358165312525669	0.420439629093307
0.647964275795886	0.00567553760126667	0.870266005243599	0.052304223664615
0.430188466205282	4.19071646852171e-06	0.459907514932341	0.0466226823970607
0.957326633607826	0.00025204857011687	0.999419473669784	0.762068546017684
0.408433856014669	2.27823816217039e-07	0.873290860832136	0.108377352497987
0.623694017784877	2.14845520182144e-05	0.259250836704034	1.3884843224052e-05
0.674763444723643	9.9775779247443e-06	0.997002875251292	0.160625600772255
0.965912739651577	0.000243971466327076	0.639061717630776	0.523627271620656
0.588426837518081	0.000585932251935412	0.778222076985565	0.0368356797297994
0.950067161722559	0.000541913026236299	0.41484083086528	0.137912851415025
0.973779931323434	0.000434296054188166	0.86095999141468	0.0848062093390236
0.90238572372202	0.0109691601327187	0.909346259229439	0.407253539601923
0.1705627391685	0.000679327727361468	0.808583912972756	0.127785478476015
0.986877995715869	2.23280629033244e-06	0.858108741033586	0.0455343959115326
0.73673119384806	2.07262935989874e-05	0.953181779249966	0.591713415245101
0.950736333213087	2.09175463362086e-05	0.783438403152849	0.248003686129985
0.778969028501335	0.168186322464669	0.91322414454423	0.000369172014637129
0.279157328366168	0.000292874488035043	0.998511350382897	0.0646347540935593
0.542188119589209	0.0806466943375016	0.907124800017845	0.0547005566447587
0.738926842695434	0.0506571092202629	0.462276786565213	0.0507346168637119
0.544592671803161	0.0218282454646885	0.797844537559875	0.00172121083611293
0.271590941927459	4.99641898208374e-05	0.982657481500186	0.0178805016889045
0.926676536758862	9.24269092723491e-05	0.999159294489994	0.157833180426281
0.952201525864064	0.000553142839026309	0.959856116633316	0.228239305905803
0.790113511426288	0.00304543122022891	0.877223813149004	0.964124947496384
0.39718299495856	0.000893393199124924	0.806084649754448	0.000819243280462704
0.86014555054484	0.0606729387577223	0.718184651116226	0.837885518820504
0.206374817584223	1.06757573215731e-06	0.979357344908028	0.148745761373487
0.979762754531835	0.00105957547268556	0.57804541908479	2.8696392296794e-05
0.4921308260432	0.000611069815089916	0.938230058646393	0.117344166932464
0.67898741639305	2.87529379574336e-06	0.945556574807111	0.185173526090163
0.526716453614304	0.000880750808457876	0.996761549016989	0.473472380602351
0.325508414192745	6.11536940768652e-07	0.894308640574061	0.000150118558845509
0.787104067663596	1.05709648376364e-05	0.753501077352785	0.230168545962895
0.19505641831688	0.0222635968990926	0.677314727138049	0.0240520047270661
0.596175597024693	0.00155314633896225	0.992280662139696	0.0175307310286655
0.234910677811047	0.294825583750205	0.604842154324819	0.0115098433869389
0.761516717203556	0.000395333062727106	0.2351045996903	0.196200354083704
0.976868490404915	1.15823807531716e-05	0.36473288056136	0.0194466227466526
0.952466744702528	0.00515255682556019	0.878558966380767	0.690324083165285
0.934358509482541	0.000137313389987685	0.980191563020803	0.824278355099535
0.920232413363798	0.000215905205298054	0.732840470738551	0.00225180942616675
0.893455932037208	0.000487538005646512	0.823177820229645	0.070109659834943
0.990415663088314	0.00473242731733579	0.152414756364824	0.354061678960016
0.999989493282227	0.0132074046087095	0.862395406501733	0.00900558910497934
0.9243694905783	0.00390615131658343	0.974336373530461	0.212583196289659
0.794935249816891	1.33868580870972e-05	0.979210917010087	0.0413391877239088
0.911034001034174	0.00132472598651249	0.861765798633414	0.0172069468517387
0.430823275178762	0.142596122337558	0.103403406471305	0.0954935577636234
0.649671950775569	0.706464981867307	0.755601480192333	0.0902822104323406
0.99609917593722	0.00159319658795892	0.480314955725339	0.204583121916998
0.853260223796415	0.000164430820666935	0.903496958797502	9.01293450105809e-05
0.613171644676315	9.89592864867007e-05	0.621581693217165	0.0251334488400119
0.810414992529417	0.0691649476455963	0.983848821713854	0.341964079413063
0.247404399434634	0.000151366800390334	0.598811376056101	0.0999824927862209
0.86191777221431	3.62561054709407e-05	0.342044357722852	0.000760068404064629
0.899498253718702	0.0129908790646752	0.889137474391633	0.0215108793910643
0.616990196876235	0.00280830663675044	0.916841216428245	0.0206058363605035
0.625417751037029	0.214083076865136	0.743936926438452	0.00751809226520388
0.412273470479971	0.000378283837647317	0.335826218181127	0.368445533415698
0.456488015140571	0.000285743487260749	0.898896152258798	0.906830495328552
0.922539303055839	0.0869114445256242	0.851548925021244	0.199393853271033
0.687171793673016	3.61010540649119e-05	0.611033648252092	0.318838749939621
0.992002375059002	7.0574689328627e-05	0.315631698317744	0.0563662510994804
0.704312940859528	0.00176824520922306	0.979971869380838	0.0118949450873312
0.546290789116479	0.000155593882427357	0.896787239368268	0.176829826558685
0.644838785916121	0.00550265627341303	0.244905548631817	0.191780336931768
0.313795334965793	4.66896756647744e-05	0.202946418016066	0.192997913319249
0.516488876793869	0.151451351206213	0.56441091078908	0.0334148621615708
0.0367571131647432	1.63735618387525e-05	0.202784712028847	0.00119161310631599
0.897549018774748	0.00491685546661504	0.998041224469225	0.0251523351963201
0.97953625956126	0.000290506339256391	0.618326421143345	0.0285251406191727
0.96306777891408	0.00013186282113703	0.547517698448637	0.00445839615531902
0.657477307624435	0.00114279264301087	0.916733751393098	0.0718859916187057
0.474516416330868	0.00027261381750986	0.785525396643752	0.11418445289018
0.708311142840351	0.00074778482502306	0.905597035170193	0.000859506343628835
0.42956197558042	0.0047236639647218	0.935637642679944	0.183847380428845
0.175508350566267	0.000557737003012094	0.85315580032182	0.126026207961624
0.974941107871812	5.29635900173901e-05	0.965262437368224	0.0102626009862653
0.44150567224934	0.10634730227309	0.839406997800981	0.213856824454925
0.99536343450209	6.7271358228857e-05	0.91564127611068	0.141214156220615
0.955756503200501	0.00215898703701873	0.824262736712972	0.103985048884978
0.729222119412862	0.00358881020081092	0.905805819359186	0.190132942695034
0.893322206320286	0.00309108911993183	0.74626409887948	0.0435832445112638
0.861718419709568	4.0465731683449e-06	0.365178971391364	0.0835330827441109
0.967810892903365	0.0362668262625027	0.930587708832159	0.223327508740695
0.78589894853287	0.00349984226284	0.836206684175425	0.353252816513125
0.441585101629962	0.0388485860664394	0.879535337531889	0.0397426291322812
0.634260543716176	5.22385482600654e-05	0.717031183704555	0.160314577674177
0.946396618611711	0.0687449156044721	0.9365389653534	0.307207848142168
0.935137566190923	0.0002645709011986	0.990356796962052	0.0224951065509262
0.45127124945994	1.5301826892986e-07	0.411436302760941	0.0109898891060826
0.926921214414222	0.000988624124192389	0.904717710302458	0.0704453034550925
0.52472086638497	0.00278669224763298	0.957774662054857	0.770031135643488
0.487935243626059	1.13090529421333e-05	0.884015341196348	0.118209400731026
0.500410821074292	0.00314222916074436	0.758399118029353	0.0045894773204844
0.117345005314691	0.0439747270124351	0.866431239520735	0.0548186210126926
0.729871655805578	2.45701057963308e-06	0.396493659580989	8.04799054667541e-07
0.732537494490348	1.2767537711336e-06	0.429392400617183	0.698307829769734
0.977852412876036	0.0129360268172377	0.674453292527476	0.825043733635643
0.915916896560163	9.66048164554216e-09	0.701331315070465	0.0132621408783385
0.95951393952388	0.000236213526250377	0.591607427368698	0.684907511704899
0.537482524291334	0.00336671787724325	0.949206964754937	0.117618912517088
0.496258246318197	0.15769571359192	0.779301056774844	0.0178180347267587
0.785828451631231	5.60108090706117e-07	0.991409625997383	0.0751364047019756
0.52762285005646	9.7672989169502e-05	0.950564119306879	0.13465507330122
0.970987686033946	0.0740632891244212	0.997574292560398	0.048429814916007
0.433764978077042	3.06307019231703e-06	0.82260657223847	0.000808764990971289
0.992415787607119	0.000386203341054613	0.439486831858477	0.335036418441992
0.830922912230123	2.6965758483279e-08	0.908734681249417	0.321186741428111
0.459373680159861	0.00419124729036962	0.9998570223981	0.0829888160019797
0.882266610951391	4.00739664741609e-05	0.876636772375826	0.480300993006375
0.724449082384836	0.00798291655258703	0.871999256023742	0.00111828090107432
0.781449002843877	0.000396281341892204	0.696097909107332	0.192375036143251
0.366174206451244	0.0676390043438249	0.664971877031906	0.490914935368733
0.963733858872219	9.66053977875955e-05	0.93191993460933	0.000160933911668549
0.58460235864857	4.92197189123198e-07	0.435245897541275	0.566950655421479
0.886072977077881	3.13920525571558e-06	0.961375363874722	0.192474874977911
0.571866529049953	0.0355799509740548	0.994496467210745	0.324648863406972
0.665920114457541	4.96709828029352e-06	0.965011360294984	0.0055152660076313
0.112145664810525	0.000229176731208211	0.6987925187559	0.000205006566980953
0.608286443340895	0.000922201529694054	0.659587483009273	0.892101984837602
0.805409935676986	0.00313003799919012	0.380509567292569	0.565272371126326
0.36148239322531	0.11472217351133	0.037926028869591	0.374855018855469
0.940566754175825	0.00387498304724657	0.592284065943541	0.159943935450124
0.0898835859932458	0.000247193097656168	0.323216249078478	0.208171755774213
0.812683294885412	8.88317057899299e-05	0.875575555791543	0.532886999467781
0.362219994251564	0.00234677368322398	0.368175291173524	0.785989746857195
0.388101577175775	0.00070873423121493	0.883340560409579	0.264183496968197
0.502112014379778	0.0135010093090189	0.671829729206992	0.000974289057603329
0.948233473588699	1.55941298481428e-08	0.625133755501833	2.44640172356442e-06
0.937551205756163	0.0594493962114751	0.996454075522988	0.779736910723159
0.419094260411922	0.00497980274674629	0.0822204782380799	0.298122962785082
0.95189259723854	4.08944587020589e-06	0.925857070037125	0.159988631651361
0.752257906144129	0.00624708224795494	0.598736276712682	0.027916195769674
0.0387461335755425	0.000891736610795188	0.811290030178516	0.0594787409491324
0.31911747330414	0.000672776916559091	0.85227584626369	0.0274672356906817
0.970636960597466	0.0897990808412353	0.723590810088645	0.123341356072351
0.986450433891541	0.00265815685008908	0.835275386601328	0.000711427810049202
0.706551547057062	0.00356954990394847	0.138735822599376	0.272620899029081
0.16067754895114	0.0123107561743358	0.51038567365467	0.729386958226674
0.940644208398208	0.00458699885226008	0.750648085969173	0.716882756953011
0.999072793073053	0.0782568248780696	0.999341190874892	0.957345592794772
0.962568905571543	0.0442120297742084	0.72515048084495	0.346605614304252
0.766533923003956	0.000143694946185351	0.984960475240853	0.00240980931018349
0.60879220967726	9.15579635415801e-07	0.894311037608996	0.305401722813991
0.341497338261365	8.02367896570882e-10	0.434557051002006	0.703665379574803
0.672449978918699	0.0721348574929751	0.680283244851651	0.101882263133544
0.916875013170426	0.000262246223380977	0.993469729876614	0.637231778754417
0.782271036343743	0.0823608276737715	0.524050848274157	0.147387386028752
0.84571826586103	0.00100715757411204	0.997212552681724	0.301632970348321
0.843031115603813	0.000190272691871317	0.632473504303443	0.458480007194558
0.981343720689245	7.99508968148319e-05	0.0871435041822686	0.20171564152369
0.394453396176173	0.00353226463665119	0.220297621472699	0.0101588088321226
0.0253549275812985	0.00012703300383244	0.880839827717041	0.49033558916874
0.972555649684236	0.000161363155352042	0.27382930940847	0.0533377694729624
0.950538767354506	3.98626964863666e-05	0.695869641562616	0.907742782974491
0.928272017090845	0.000302237617050589	0.128122106785767	0.185364871382342
0.596360899959152	0.0473829959092022	0.829940799625173	0.0536733819534014
0.715620114289544	0.000234889361767931	0.969074707428991	0.0771282961300722
0.935689100524084	0.0149550362217725	0.586947767201749	0.000479989218815555
0.980296789526865	0.00202813660009381	0.302198537910305	0.064623252054035
0.987916282092418	0.16237791942567	0.653847234234751	0.191096767706561
0.710602291254815	5.45602441461014e-05	0.990946569160611	0.0590185812041361
0.966129354156329	0.000389325609108338	0.358114385474261	0.222641154561343
0.389050773759638	2.95831842040881e-05	0.356647402736201	0.0130254104862435
0.485158733763513	0.0338153777977317	0.917297872278373	0.640530860535539
0.698091139439837	0.0224839738132643	0.756341911314335	0.00518177399422174
0.917456608895125	1.56766986638059e-05	0.578147135755448	0.794465224748852
0.600555373066037	0.104869213883982	0.53961877870484	2.98291316433734e-07
0.118050832901535	0.00191097647003193	0.438291957267291	0.243186068837958
0.706420205415911	0.0505025108064771	0.0951739310926005	0.0524313670640864
0.738740391829911	4.17980554068869e-05	0.932646449145477	0.0539793620128847
0.837275541009934	1.10935116108884e-06	0.405302752019594	0.032921734748013
0.636583513203815	0.125097688301337	0.935164047993515	0.000652220735800495
0.60767103004209	0.163249219813224	0.328789079897832	0.0661975086712794
0.878800015031342	0.0105451828734928	0.774677980680487	0.576262780000818
0.516983776151099	0.000510672000983602	0.977422728760804	0.00119330930364248
0.639126426642245	0.0568410010361325	0.372457398759836	0.0501623041311738
0.84820374169244	0.0204259659304204	0.86574960356922	0.251690202252292
0.933309408722348	3.19685571851897e-07	0.510178066056857	0.0185812894962821
0.603021010998951	0.0219450504521163	0.942727162612347	0.157791810922116
0.784414923420881	1.15599866884971e-06	0.430510009045738	0.0045544674421804
0.618933378382699	7.24054285519298e-05	0.878808630944834	0.0120826325035619
0.880588090727442	0.0744535503896909	0.498835270860885	0.108284091505612
0.554570112837506	0.265979760583428	0.838665599260431	0.0133324840230145
0.922843404621017	0.00025333588110911	0.876889036197584	0.67645027581278
0.710608613620825	2.73582435557284e-08	0.974417156123216	0.0581243392135057
0.800569538884451	0.0267264985176616	0.998477121199445	0.00653906900505116
0.928669960733695	0.013492614465091	0.852415227771284	0.0396715856784457
0.625925674819338	0.000300864465806982	0.66107844023074	0.0819975238481612
0.323773186645695	0.000531172258964212	0.889634669790474	0.00100899170229681
0.287700235179791	0.00102322800944925	0.0944752734879878	0.420708424352175
0.705931067041792	0.00862623072665464	0.172084549064914	0.00163437744976704
0.616691474632251	4.02098504234714e-10	0.97763986504942	0.0753729684460562
0.849082048886223	0.000268600967614972	0.935058249243746	0.982121084971016
0.841710679797161	0.00111472569677445	0.747248123481455	0.000237001054284166
0.935736121872393	0.000116679260814653	0.989267891386895	0.205008282261541
0.593100356752162	0.00682917733474146	0.96617816285605	0.529217002371689
0.835576016255795	0.00070101240784312	0.431930489398039	0.0308518506879577
0.683935088353752	0.012858547277013	0.965884608030857	0.157811401558752
0.99917202160506	2.53338440147916e-06	0.87254241310198	0.0423951649020748
0.962268835398149	2.73541944618889e-05	0.923114839350526	0.805662577985405
0.791873142381582	5.27960166700931e-07	0.999998422965941	0.452336613983651
0.829965243197265	0.0011405561545437	0.93881873576915	0.0132034246794838
0.54165705939033	0.0132094624687897	0.960100004011575	0.662924871811104
0.742178974721511	0.242002386533202	0.972642532170718	0.130101275807206
0.392134707132349	3.1700210203198e-06	0.773785487486699	0.418789985636569
0.0403274659203966	4.42425148167583e-05	0.815957376398671	0.0329638217518744
0.718361622691433	0.0313004963976291	0.743729087185981	0.00786706035016181
0.374179528956147	0.000736147811241114	0.630772148136254	0.286580482649803
0.29935690988379	0.0390884288697125	0.984999677258328	0.000984681417793048
0.848598374487809	0.014099185578738	0.0551141900598221	0.183168304053684
0.996543672809357	0.027245675843283	0.774392533522296	0.00846372808519665
0.765081561445244	0.000788804281417384	0.841887437162622	0.343900391983438
0.720973981211085	0.011253560759965	0.847497863263508	0.0510457582903152
0.816623674069986	9.0063391507997e-05	0.647688127100646	0.0206213425780451
0.929083268001768	0.000227982619937599	0.919172599870636	0.316440027974603
0.496129779241513	0.013622712285976	0.563098371370805	5.76140467712104e-05
0.449222799188807	0.000172729590122151	0.326617236868387	0.346227363844029
0.919181374221128	0.0053862943054273	0.805584054354616	0.293332230418391
0.806442569013496	7.34623451762188e-06	0.87830256681089	0.425448882104257
0.870671536037945	0.0457490429211778	0.637209488539942	0.0185701721823372
0.970777174243294	0.00391530729688578	0.607631945558089	0.776685358415449
0.987254098535739	0.0485367308178311	0.91815410431957	0.416613307105357
0.78932047056694	4.72581188557409e-07	0.21808490591127	0.158261243014956
0.215364727345318	3.56694295734966e-05	0.0087461891497537	0.166057931162013
0.82725038185318	4.36100153662758e-05	0.937084006560645	0.000576607558097712
0.954834963185241	0.000646284399725902	0.586778636066459	0.23719599425849
0.465146243120403	4.27372646717027e-05	0.570536715638489	0.651728190490167
0.95691331658152	0.00249458702398151	0.879702184956011	0.099647981810758
0.619156085382333	9.78188693843626e-06	0.119603550686681	0.109546390907172
0.421282085511269	3.6583199811135e-06	0.994510081042483	0.125631151292405
0.91121567299659	0.000387152512709006	0.783717178383198	0.012677918147209
0.648187896211232	0.00197477794023665	0.695972388820906	0.108346860908428
0.28630448749991	0.0888589522035548	0.29273079731313	0.0644621532640203
0.593919807827094	3.16121533661808e-05	0.296884372390711	0.000867880825122171
0.821666832519523	0.000315047190531773	0.996946740131514	0.0225504312338182
0.819054332364374	0.000380503927304314	0.833913924805532	0.0279097311728959
0.98544344296489	0.0008963491485663	0.995532442419559	0.0189746224827685
0.927732812578428	0.0847842833391947	0.935947281933806	0.0127416581933048
0.996199864573759	0.193078144180657	0.676457428823494	0.000607504233504893
0.811444865914061	0.000572125043429343	0.951194597872482	0.0204651092979135
0.969476210834019	6.75772100812395e-10	0.887760800946783	0.423632036211559
0.31306313679042	0.0104368085909159	0.233011194312084	0.701548044236182
0.6197085890898	0.0614457145691892	0.85535371404337	0.000873721368564818
0.908376790900463	0.00203840430422892	0.363531729376268	0.00250547412237552
0.487022848679689	8.67592979710882e-06	0.880555799228426	5.73794252411901e-05
0.951014914718831	5.37541731627766e-06	0.367697128499764	0.562145281960121
0.252604350538241	0.00036263149378399	0.933151296568472	0.00811773250725421
0.500573442616585	0.00175025872158515	0.617265142585791	0.455261872296011
0.77439007222091	1.28052177382912e-07	0.980871476550635	0.541685207665046
0.506827816422774	0.000174342215967395	0.879362326991285	0.407401041000325
0.968599067976062	0.000504154412132137	0.779987217912261	0.0291466134111689
0.51936820133559	1.04889387718125e-06	0.916489627487826	0.00128760776559317
0.996488616974432	0.00260894061986175	0.743705762245763	0.00555182459334465
0.763809476673478	3.2616226275178e-06	0.748419180706425	0.0173270469669712
0.602303930174321	9.969146925822e-07	0.90194152575019	0.0146009466220241
0.962916257016749	2.55031582088348e-07	0.364124462302773	0.0977092911690306
0.877974572202323	0.122161058936898	0.678352721785087	0.171970091872718
0.701296776633638	0.0328651236874404	0.981763090434892	0.0249594104690617
0.166595160065006	0.00798441738629095	0.53781051353998	0.377434582172524
0.965087425344987	0.100678874310668	0.84149609646229	0.0271446247446541
0.466763326916528	0.00055826982099456	0.843771814046606	0.165823777924132
0.922733085552137	0.000345013055903318	0.848565645448461	0.000117205859742544
0.873031555641233	0.000146608013708982	0.518415759364964	0.0363169306131164
0.931283362200144	1.08415225617133e-05	0.98789459132745	0.0739479730189511
0.715989395831829	3.45930300456564e-05	0.968730184482641	0.0408570049980259
0.78764012053827	0.012098818977019	0.945091473612263	4.25866421739466e-05
0.93929174789475	0.00828398855207565	0.755150919667197	0.907469670988858
0.4005971391211	0.000266958017155707	0.638553230241015	0.0762789321220448
0.887317116161094	0.00024955554815103	0.667455237783898	0.508958191568598
0.500043221666531	1.4273710256034e-07	0.571418922149033	0.00278471271631325
0.760648949617462	0.0075373099561886	0.779777745171968	0.000545376557473394
0.370389409606832	2.00806207361725e-06	0.943303097714741	0.801922062785559
0.999983268876788	0.000360976084129826	0.740163373591632	0.141873613507592
0.977899463320291	0.0522856705546208	0.431072155329403	0.574564000596374
0.490095694318853	0.000967055217172364	0.612568166070763	0.00101756525731827
0.915571699493713	0.000285289409896368	0.525371716336776	0.368729234727249
0.929959912123144	0.000391880459278238	0.500488799977227	0.190275184598517
0.261818810011118	2.84376433456707e-08	0.936278814728454	0.20896543026145
0.908862336176725	8.47437967782715e-06	0.955870251019594	0.315017368549655
0.602153076035431	0.000564234749591846	0.989763608986305	0.0744472864665779
0.680539804902218	3.15655643564148e-05	0.655797994996357	0.523129870246995
0.620618950023257	0.00280418671443962	0.86942991916443	0.462256763687632
0.997979830685267	4.62018335955424e-05	0.172129786965714	0.697406641528197
0.929068655851896	0.0243579518510331	0.994779073707514	0.594526411866936
0.636776721776508	0.000528937070076014	0.24854664620718	0.104638345769443
0.465164539525589	0.0165625692574652	0.93197250986497	0.755143123446377
0.995541443570515	0.000434593680982254	0.544418136326425	0.00195823560408017
0.993423106209722	0.000610374966954183	0.999738371170769	0.785429252092916
0.61376907901017	0.000157362446379306	0.280675136540731	0.328562022874944
0.998368466283452	0.0589471238040843	0.908037577700995	0.3389323035455
0.845846701675776	0.000528774372671046	0.772312328485916	0.00162596888710305
0.966364002299728	0.00178335666966459	0.235340235145757	0.134894297026379
0.174331910416364	0.000442400538604478	0.868406394085169	0.0792106896293648
0.397001781312876	0.0185571516614703	0.879727498504003	0.0350696331241706
0.692782224844724	0.371712582049847	0.925516354644379	0.0109151389846556
0.475360637455063	0.144965845737349	0.120140225035217	0.0561820322211753
0.733668908847278	5.73770133728058e-05	0.672159850223448	0.056277474482274
0.996345668686482	1.03701124428692e-09	0.966326018335824	0.868012619174281
0.451098138035432	0.000180480520643868	0.367317191479958	0.111026584062316
0.975740727383706	2.86858092307874e-09	0.605223306585231	0.000337918722845254
0.12965998707158	0.164153610242315	0.522846732909059	0.15133552298969
0.952999693875015	0.0028535747842127	0.540729589187928	0.00076773048948122
0.74619826833807	0.000284112846492146	0.890766249438745	0.339586564331065
0.982553952812204	0.000904137986145434	0.423454067206701	0.00167492152612006
0.44536098444305	4.70459923278526e-06	0.637706274544203	0.0601766459680007
0.771154387293568	0.0715142269159228	0.127611842468125	0.3418851293775
0.512785256069756	1.63104686526596e-10	0.469742702276303	0.00410080286597599
0.783356659357479	0.0589302891793818	0.568286383768726	0.658177713927366
0.870799967631932	0.000204423757250474	0.842079939836132	0.0863413091197937
0.978145312428767	0.00742656907752615	0.726949578820451	0.00462708956893756
0.755935136554505	1.39397688814238e-06	0.831865241182177	0.032654039104999
0.313010018877393	5.32994094913357e-06	0.254706548639768	0.2825112425934
0.686349322642247	0.000116357585939574	0.997587326474322	0.0306954947266929
0.738655574326079	0.0305042304203722	0.715993361434129	0.359546315662841
0.783391400249023	1.1826117730531e-05	0.960600441378521	0.0179400682658414
0.205743805985177	6.0043152178123e-05	0.53821335913911	0.0103893214058577
0.837251678381218	0.00024279736166283	0.785319070596282	0.0275475902731661
0.647717243359009	0.000210594710549529	0.774779889913144	0.00758328987919456
0.798311802087416	0.22533413172538	0.586422434899003	0.0318282988842322
0.00446338919034992	0.00055597657676691	0.915367738950627	0.0128335596181128
0.321270973356736	1.39285747436677e-05	0.95085432300093	0.266525301542516
0.498266924062401	0.00354886610909468	0.605959766134893	0.385790558404367
0.358817743640606	7.90836398708678e-07	0.782443201101802	0.164833560199084
0.544619988699575	0.146157224554625	0.969859686534264	0.027557647506541
0.941855409582538	0.0252732134277177	0.812284293650519	0.249646776487861
0.995424960753372	0.000767362599560954	0.7212849840734	0.765721624908754
0.556620425961626	0.00313145260318685	0.732257439562891	0.0204265934310415
0.776975233277292	0.0412538008744703	0.807228418309811	0.0520365642627452
0.362485712684866	0.000590868414738538	0.607880238312191	0.00123383472455858
0.64242272256682	1.19143102950302e-05	0.778685447761165	0.133503748511583
0.365868596941908	0.000138790730774658	0.449555687160204	0.10049027996469
0.970780729227012	0.0908038768919856	0.109044660711699	0.123101623373811
0.488760854685324	0.00279402468475882	0.925726071427157	0.920250298174128
0.773438391103331	0.196167174796629	0.775621831678846	0.538182521872872
0.98315465393173	0.00163157979825922	0.302844771503787	0.00259045264064449
0.960042843545367	0.0678637537100475	0.417488407966326	1.70474525087231e-05
0.470903131511504	0.000510231887331762	0.624087586792784	0.20891029317697
0.922093829051325	0.000141867292156873	0.972648736268034	0.000704406884689005
0.865875042763727	0.000197167828633473	0.979667807293257	0.365556449426778
0.998456653831036	0.043513219386072	0.974293429717259	0.0154423995952506
0.495750099034741	0.076363818561866	0.856454696837131	0.00011134599168475
0.593239973839555	0.00853368501518181	0.863953753509632	0.02020610483565
0.68934064360129	0.00385434385961808	0.549803732516019	0.0174841084382525
0.0419141178681353	0.000754017671708327	0.48301078780611	0.22015956778031
0.736045025254799	0.00225884364372525	0.793363102937557	0.358371573325269
0.864744199846719	0.00353029994215636	0.539440861805717	0.00155627482486824
0.895192413047749	0.000126275857922878	0.930714278161239	0.000530273005196935
0.502933749750733	3.45786137777754e-07	0.588201704243262	0.0122742563625406
0.92978597039515	0.00269967460240861	0.518009388314553	0.0163813622659121
0.935604905941649	0.00190824732700629	0.177975946095327	0.629335838264257
0.62622519698972	0.000274307782354263	0.94436240042059	0.0182760953789431
0.802588319482589	0.000387897446642294	0.933148929875079	0.365607722946798
0.749233490097225	8.96573632024019e-07	0.333624340554105	0.026032021017542
0.874970115676566	4.60827169309176e-06	0.976749262437244	0.000586799872486398
0.997447784712964	9.91424511168787e-05	0.846198606483728	0.558768744541898
0.681859922054969	2.23763124533671e-09	0.914559363827235	0.0233134690778858
0.999871590477054	0.035762791940811	0.566772345613622	0.0175698868971878
0.495222286550751	0.000849663439742882	0.540599574236781	0.378385317885054
0.681121345369594	0.000284419060096116	0.668367970698152	0.202665973171405
0.624991683337912	0.000942279899200456	0.391099425030418	0.000498489126156524
0.945221817481196	0.0283880329776028	0.972548444202119	0.0520794962183769
0.752141962241554	5.14857049917864e-06	0.952573349862013	0.626351515466506
0.991168279676982	0.000127608576246449	0.518420410342614	0.0480039216977898
0.974514614575686	0.000688337249111162	0.82729545834122	0.795893868042409
0.996963718502426	0.0414119938737436	0.161508075553225	0.258728089093665
0.999634944208948	0.0445157367127647	0.440775326124497	0.946310964149733
0.299689234852982	0.00108109421576341	0.963830012288373	0.348569226170629
0.408680552318261	3.31916668716382e-05	0.0490433141713856	0.163488355195314
0.975148197125831	8.72844149655211e-05	0.921573076591042	0.262920425368831
0.163086422473371	0.000828773420478516	0.9707085800766	0.14179139342073
0.78678425485485	6.59534334963969e-06	0.372092509199383	0.0470783953622907
0.983977371901481	0.003747142815168	0.709479120897919	0.00318117982969985
0.282950598828226	0.0428097606082062	0.933845794953203	0.601214580572461
0.841092406831415	0.00170097411240456	0.492730777463523	0.88429914250791
0.819192553396991	2.04450017923877e-05	0.987194272407962	0.0606531058723817
0.826816126225105	0.000803815286652251	0.925215969301688	0.0108591277129254
0.318777037589239	3.42773320825106e-10	0.991523966943361	0.0118364854877431
0.355052437013004	1.4135948270705e-05	0.978568156374822	0.018265108343478
0.116556946809375	0.00723585267639785	0.186457337065148	0.38590937436497
0.394442337717573	0.154324424307592	0.798813392982984	0.730234955435762
0.182028793716834	0.00731889107803914	0.986930846525773	0.011072243251929
0.768602195502905	4.4761506262226e-07	0.31555306276343	0.0104778480662886
0.328467566164155	0.00302727070792655	0.511543067826916	0.00251135298959352
0.67153799363792	0.00572370922278909	0.655884452778647	0.0088585186623754
0.999155000053378	3.90455480807351e-06	0.717937136851527	0.0397974755879197
0.836306891576068	0.0482862329249323	0.231715987007797	0.183705930264974
0.538023846982833	0.00307382001896852	0.982346412914174	0.287338735470683
0.863652800563676	8.22926991832943e-06	0.6764010269619	0.419297258685866
0.840297975255338	5.74598189680197e-05	0.846043804821327	0.365893355345323
0.325372276205261	0.00326625351740672	0.423206136631668	0.0591712026618081
0.314173747578664	5.15060405512824e-07	0.596552115821585	0.000276433478621423
0.595774182265204	0.000307207542491638	0.677532998785471	0.0985198533140992
0.924346719358333	0.0541160110947598	0.971136755855395	0.17126041250398
0.10358353597902	0.000651638985791153	0.520144480883021	0.42692225680729
0.973838820186028	0.00442108441024184	0.875363219735914	0.0032444554399942
0.609382164081309	0.00785185314537643	0.997332580398931	0.533542115960259
0.61608178540043	2.70013923298003e-05	0.776158544885563	0.29845468258606
0.84896359575458	0.000604267833239753	0.370063016629048	0.216360301091969
0.642928672082847	3.10474097366237e-05	0.973444359977893	0.834561713934369
0.696541053420356	0.000329781635749804	0.203149035151238	0.129453813295951
0.334620977013427	0.000143443142227716	0.922505157642203	0.0445675928741695
0.949417687595626	4.50126644691555e-05	0.659337201682533	0.00636747560155538
0.969032063856703	0.00619088495041152	0.948187555540872	6.19409976966198e-06
0.833738630120799	0.0318097061164402	0.773716703275019	0.00187177196956715
0.969241181159398	3.21134847470343e-07	0.843472869360584	0.303069092594214
0.972307873623826	0.000688936432970785	0.99092867801775	0.835509736813343
0.987171582457676	0.00169856244645936	0.945642825694501	2.97690237053791e-05
0.996843170503758	0.0913885793538627	0.359696458957785	0.061142380796963
0.920751874580055	0.00220968344302817	0.621061497913328	0.0462817428638465
0.515143479723589	6.32683487822746e-05	0.849374029552762	0.539006744875615
0.744281575136835	0.00746162717980483	0.991742850221783	0.0764404306158242
0.918347313459555	0.00225530167485491	0.209637530936718	0.0156568619418279
0.0183168249264973	0.0017290079760702	0.97001689935794	0.673361848979337
0.756268128919276	9.81266614267928e-07	0.0597677546331879	0.0517962051821297
0.962285627431621	0.00875751842643255	0.929813015173663	0.371501637177729
0.557536857443634	0.00348653557576444	0.790897401206763	0.0193534864655815
0.808646162881937	0.000872233921429043	0.529178486403744	0.936355828989699
0.878113041556952	0.00233189306829845	0.963715428153454	0.191075929965098
0.789010358565236	0.0235253967361665	0.401158363776602	0.478808707929414
0.920436660287988	0.00250766430014875	0.861683258585356	0.156768443247137
0.895226642021273	8.84158404661573e-05	0.17810625947439	5.26432601756291e-05
0.570368447797285	0.146162523106874	0.577145392743866	0.000543019394904366
0.827242783730054	0.0135200538519056	0.45486960277317	0.0242512927949765
0.98749432417428	0.0146780961926559	0.668007612201372	0.455503672787395
0.969243544254076	0.111399732867142	0.981465941732852	6.73834398274385e-06
0.621829216731527	0.0001788302377656	0.71199881146387	0.157830810566403
0.931761394580964	0.27621418028019	0.996590822007363	4.73784123100966e-06
0.905105149301804	0.000275879357631966	0.719922806654343	0.00403141427106689
0.188425052021391	7.44858347770435e-06	0.925763715308166	0.039353510229043
0.836571287266922	0.00358479433163674	0.757904909237269	0.0149307854032646
0.960353527587022	0.000675531138389269	0.487559724921431	0.210864507183621
0.183493444239229	0.187622692187498	0.233408655136233	0.0624637947870636
0.7703071599866	2.10150151324457e-05	0.501081473166794	0.288305485797892
0.531345986792854	8.00936363788931e-06	0.989560245486809	5.07012754197264e-06
0.63337116451914	0.0302346319395594	0.405452376402937	0.631799119944887
0.559954172163482	3.14325494109946e-05	0.995710864037845	0.930722775789053
0.451589537394251	0.0371962529111752	0.712968903397247	0.00631937257191577
0.980954491491939	1.22122712496343e-05	0.445406310604558	0.373844798696094
0.876097690904539	0.0689968886391532	0.987922764728508	0.646368639046651
0.766136133975	0.0118012886764759	0.220815606806855	9.38283952857893e-05
0.161284420404485	0.0153328464885554	0.936748906119982	0.0384534391737595
0.638755511165652	0.000231114616154962	0.847171978890915	0.623035202301314
0.939796869636031	0.00140912521347148	0.996767811712916	0.0515170452275437
0.890094981176465	0.00480918167117182	0.467504010669956	0.562571389314958
0.52958136786517	0.00113069111788008	0.830856298485412	0.040741752026601
0.141228982804356	0.000943710448322066	0.82144371235955	0.263839203102956
0.602359943192019	1.67813379030566e-05	0.231789796418448	0.366101047747453
0.979630314328529	0.246236855294038	0.978989144802218	0.169328260936404
0.449108361584833	0.000945220310485003	0.344844740353065	0.0895949508063327
0.561738568682508	0.000410200111810829	0.606777813103892	0.608256946091179
0.691290430242307	2.61714584299988e-05	0.324253971297495	0.0138180570646644
0.911783075897448	0.00146199810209751	0.7656017802044	0.206306700047386
0.93159841499096	0.00066891319686486	0.813348002430149	0.255396743215272
0.753358968750329	0.0167519722853193	0.929328116558007	0.100129436402932
0.915987620098876	0.0122891419753635	0.672772786938457	0.407587163727561
0.48304904909919	0.0308541503516308	0.872377668942495	0.225647065880492
0.695094764302091	0.0396177886850105	0.520642291775639	0.0931837173026461
0.935487839859998	0.0050769257328418	0.996617045833678	5.27374639585008e-05
0.99035865242728	0.0176355299890102	0.843796374632303	0.0291053324975607
0.74304028883326	1.1292449117352e-07	0.185233112131713	0.476469684467065
0.451892346812942	0.0428318794446843	0.611908481479887	0.32843786785835
0.874823965845818	8.96101312044461e-08	0.980640225673175	0.073144843488543
0.651447386537558	2.30548299657116e-06	0.937952346969851	0.188687736877829
0.818159392327316	0.848857378977365	0.998086279921432	0.00369805601743343
0.102007790696655	0.000293332521832962	0.859366243717103	0.113015397698435
0.858412344921558	0.00543789537965688	0.925084341484859	0.0122987301702664
0.0632382425414746	9.0197160909414e-05	0.775950159429338	0.0469895672973959
0.108895415525557	2.90048724987943e-05	0.752135829245784	0.219715948789005
0.925206890435514	0.00425081145022399	0.688927348418731	7.0141417995057e-05
0.678383032735012	5.35307300364959e-07	0.405440034759962	0.10077644351543
0.946815632115483	4.32677306291119e-06	0.451829337441248	0.386046758513218
0.811989706697157	0.00236914797062007	0.991626698866128	0.0773490040230324
0.34117989224058	0.000355205887911016	0.503809469873361	0.0205738752502741
0.802561881566616	6.68338413454758e-05	0.843602978861203	0.885750108831074
0.792178982560883	9.26497653467019e-05	0.977585994231728	0.203310425616471
0.827391590999039	0.00405902917512555	0.989888170943984	0.0904196960292693
0.990145699750024	1.54541786873366e-06	0.327487962099053	0.314835873140224
0.222959834286515	1.91884736336681e-05	0.31212884850762	0.0117538932127169
0.331463415023126	0.010579392338703	0.362946946370526	0.398196048429313
0.469245925140128	0.00136812831274524	0.823073051627294	0.0486679431305746
0.38589024711566	0.000344434779699812	0.976118944589247	0.583675526286802
0.460845704485994	0.000598964717511337	0.924443854017127	0.00136284919684715
0.151138950642579	9.60682161488149e-05	0.141974865611559	0.403786290779834
0.608303373832047	0.0146383798676489	0.870437568000787	0.0121193070053765
0.455816645417143	0.0104948629776136	0.797116587580268	0.43587613308669
0.876432723467665	0.000269111475257719	0.85999148205373	0.590976925941749
0.642309199852005	0.000959555511613696	0.635757575276012	0.054244442072295
0.942018449772401	4.03932708034877e-14	0.650172449741033	0.00396283685233754
0.644378265533185	0.00159580384849449	0.840787071281057	0.00521469665755688
0.856107434465207	2.09325252519487e-12	0.71968229528501	0.0178356600440366
0.840159614459289	6.57339691146733e-07	0.872270702549622	0.22399304948796
0.676205818252758	2.50163857488345e-09	0.347094825750184	0.219735799013136
0.924823686349068	0.000721290143101315	0.994658746708592	0.00190550008564649
0.122782907629396	8.31432155266125e-05	0.846401522273513	0.320342177319368
0.792140928668234	0.0230517757764592	0.971185297671241	0.0739207169134667
0.947085205743145	0.000131167616907376	0.864522476535348	0.56800152495279
0.36023558586315	0.134585635666466	0.176494578991983	0.0501466070165091
0.727944078783418	1.4862458268193e-05	0.889722717188288	0.00259720777665477
0.436340602804135	0.000267421202084503	0.422913788074941	0.00386160683003533
0.155753933906953	0.00035601334191298	0.933871274682456	0.694310387054297
0.752045343206482	3.9002078463871e-05	0.994037902607525	0.168896152830824
0.452364103385459	0.00130306916309264	0.127141241082551	0.089132915912154
0.858940897246973	0.0036773989449706	0.958767848248982	0.0243992482758883
0.933474506338702	0.0727628049168771	0.996830737546856	0.276379977641235
0.921889466469419	0.129798663784649	0.952363831219331	0.117764636483902
0.458643583382918	0.0257187198675297	0.622357423673393	0.0490809639079548
0.701507939216324	0.141730079038531	0.965606811061631	0.0175440817943271
0.972465261715491	2.83971052138478e-06	0.928657760805097	0.0446445509757092
0.74782022628482	0.0507620198593306	0.986507986100674	0.00578412018254098
0.488253091869196	1.36931240125308e-07	0.950847199497599	0.955099325303086
0.845303197664406	7.83406978092913e-07	0.844953675471653	0.9155209175265
0.837773752536538	0.000115472605134797	0.756740249994847	0.283505742963804
0.999276696616196	0.00406631202961854	0.765670257462187	0.0652763407747494
0.248247988573041	0.0687444236837187	0.967171988955205	0.97961452406738
0.686706681755796	0.00303699919508517	0.279286347206892	0.000654511059408158
0.757819731606503	0.00889926660349981	0.706434313341954	0.555883011404777
0.641353793897208	3.60753400285516e-05	0.837485282844046	0.157837741929063
0.127610067233386	0.00538329052049002	0.755155244267532	0.011396250850493
0.70747656660707	2.80032232746178e-07	0.818690937543892	0.0538086857243635
0.506566796878311	0.00233637581048569	0.949941184648605	0.650109552795594
0.916289924305645	0.000326189062175583	0.993629057962977	0.350519310375486
0.813033750204763	0.016075542444517	0.596938196573148	0.324291066700961
0.99554459628881	2.65324060427151e-05	0.701070791114111	0.00675999825100866
0.346864804854021	4.03091029765394e-05	0.990743841170595	0.0809903568914029
0.847054654456505	0.0145015892919239	0.88441110342488	0.0151635323237288
0.356648192479604	6.02698948595203e-06	0.505581589933156	0.373714271865706
0.88470542332486	2.82970616472588e-06	0.896208765132732	0.0517749815987206
0.12681838236751	6.55051498783479e-06	0.930160707985416	0.613723606424821
0.987588439627935	0.000267427486741635	0.532503064497058	0.000517279074513609
0.698390492223158	0.0270866060923574	0.595703260974561	0.122376300618267
0.947889733181709	0.000427658896950169	0.902352295007869	0.679448416084463
0.657991887846408	7.13140232751926e-06	0.58964951610707	0.491227717145693
0.0836858921650526	8.10434058639676e-06	0.657441456497868	0.0493870955161736
0.699662744450608	0.000118303931233768	0.917658959876261	0.552173098447298
0.609615256301386	0.103316172393351	0.27845727220126	0.00534790744553374
0.887103751997109	3.96831261402125e-05	0.34741172844209	0.55560910048197
0.537138085385908	0.208590620059812	0.820880894243638	0.217899724529742
0.227484310787614	2.46249791877607e-05	0.672522596294767	0.00831315332606632
0.890860048356364	0.0304861571653954	0.737636125004683	0.845916055237012
0.932232917469919	2.23921408498517e-05	0.106405769832647	0.0505350327830114
0.0825056091313822	5.48935712056727e-08	0.785569250174948	0.026007863856104
0.897381894452733	0.00361773620626744	0.725926814422773	0.614115294474896
0.958287727778933	1.50621033773234e-06	0.472528744228044	0.00582023338603835
0.670451482876784	0.000718376372303486	0.871891705726815	0.99952421908123
0.1774448506432	0.0107576247054485	0.545563405114517	0.070423029778504
0.330247477128199	0.0158169060091163	0.721795333763126	0.0663719088790561
0.997297823206182	0.000601470714257807	0.805030764776201	0.72525894943673
0.884879239258049	2.05313387761489e-06	0.895545212265791	0.140012695283444
0.395863303272042	0.0120796671257493	0.624221750325893	0.179349430505616
0.687539116959696	0.000228465028323719	0.997988073014105	0.00516660716127989
0.999043914594646	0.00529502906649774	0.985341614028448	0.460006592591638
0.139962438649026	0.0179960428690234	0.972955896081432	0.267155867664402
0.938916466703149	0.180325070311739	0.109943240308626	0.16327629692488
0.703409430149356	0.0221812070986715	0.0919380023956528	0.00770651900853948
0.722444410128822	0.000130331301307922	0.981786724718306	0.0285868233455479
0.957097442884123	0.00127046912812813	0.995310978750212	0.000978161771551255
0.107551858755083	0.0111016153663069	0.823503887180566	0.236796696322618
0.418468934673964	0.000256339508506771	0.809024091482865	0.790022862213715
0.666272773787545	0.000105959616108412	0.812049496807531	0.0297484482716595
0.299613891858447	8.18038877185051e-05	0.991765749116998	2.40225260556404e-05
0.952413606883616	0.00160688526960681	0.959252629657859	0.0530366084753002
0.879529164147167	0.0749177845131526	0.839932075057671	0.0204340898584159
0.132014087318985	3.48235178691007e-05	0.429708914810327	0.114520461936246
0.934374677144072	0.00436115910121357	0.0957883256999752	0.538379673385182
0.998864192823779	3.37488104639726e-07	0.570742398111939	0.469127417279523
0.535406147899412	0.00108339283805414	0.681387172216515	0.129050748240966
0.930193429046362	0.00017457198916061	0.888311962046502	0.0258592335325999
0.393248156628992	0.44221010941052	0.76736693277987	0.0959012229106069
0.633701668895221	0.000155993200757241	0.972970939265246	0.372694498331426
0.996996142851746	0.215081532430028	0.640235703132255	0.00242392244023873
0.269848373501226	5.96362046814571e-05	0.523630257020701	0.136488457119939
0.959168840217195	0.00120782507820076	0.880767564316431	0.00527522639685127
0.619732047004252	0.0863277495099983	0.98681297027977	0.00070993727367851
0.389585799251565	0.584902711367069	0.963302681231181	0.179827776782506
0.76755958603708	1.56258182757269e-06	0.6272662994515	0.303185033765459
0.0501054074808587	0.000742113664673264	0.985015505880368	0.000908261026064853
0.890122836801641	3.31927779001568e-06	0.307328187597551	0.0342943457526507
0.710468864850339	1.20730409773739e-05	0.654769841576967	0.218826604886622
0.170156228103309	0.000287325768877741	0.186048186319958	0.224992863553503
0.773287781834057	0.0128972111696726	0.952257781106754	0.455149204530281
0.788325645950765	0.136605989078026	0.703790855997394	0.47511267136841
0.213664879785596	0.0976116689338159	0.960351217047878	0.0749278263699755
0.775228994818764	7.81840860053951e-06	0.922367320687442	0.636049415318124
0.35604011137432	0.00103133914392198	0.97867307310861	0.00750098718791426
0.387847262451364	5.12197099374467e-05	0.975062840774296	0.00437942436056322
0.624600336544089	0.00537027521860878	0.766047141078702	0.000207308636403673
0.649666088314326	0.00586108807988814	0.557824668812496	0.370423667305771
0.315182777713645	0.00837125028073876	0.96934908678929	0.861017777426825
0.660074768102794	0.000319869638965654	0.924744316920481	0.989917650926724
0.963779028661069	0.223710054139184	0.213014967853028	0.400468725329816
0.983504139596691	3.87815388419688e-05	0.599099242605761	0.116641614688859
0.965047737974738	0.022668266855753	0.541077509035223	0.0116688609426183
0.999892012754613	0.000166505369048278	0.947935628106858	0.000783679826379309
0.793020828867051	0.0326806578301966	0.993658749552802	0.0292974194443269
0.367579788294151	2.59578193886956e-05	0.779838487325082	0.0165825863914746
0.148265784056695	0.00379295507923946	0.303871322616136	0.0166868509189746
0.486926081690234	4.7439956173331e-07	0.972718242911101	0.0712267701733178
0.78893533957742	0.105734707900974	0.754562599605805	0.000166127247936505
0.150503038998059	0.000161285240612536	0.532167346686628	0.00354236679992003
0.731194124915716	0.000818250733181583	0.922939014629245	0.236420209417186
0.441741420919016	0.000660364651754044	0.0535397100021974	0.000830481757696806
0.876036217235162	0.000118095725778879	0.386610293364962	0.0619951567695165
0.747625062793959	0.0678643699874614	0.859192539555304	0.289369981381039
0.803954584605927	4.29202701581935e-05	0.848727790712387	0.0645640080334442
0.945927477076361	9.36060025783496e-06	0.892798516021149	0.00210087680579727
0.213652409300808	0.000279958298942694	0.876120403205259	0.0189905576441082
0.374879116009872	0.000219292409259689	0.0558756150735715	0.368334224208009
0.499219850095135	0.0313878630685409	0.430867564933749	0.149694138151421
0.503892804120942	0.000191717033760668	0.131785499665732	0.189480279681954
0.999710486573886	0.00334441662964045	0.963847003477005	0.000102576795790759
0.940598560364119	0.164171736677516	0.808674949241592	0.00345837688666048
0.709152981479908	0.0261959336257326	0.999561883020467	0.833661434603972
0.932826441934626	0.0199978464880278	0.780148870098144	0.329350075774211
0.687132957727927	0.011793145092389	0.633527199691047	0.896201889663465
0.846814694537019	0.000583695211108877	0.0188689804951047	0.364005117994288
0.244557848265491	6.90803409475637e-05	0.987111725659574	0.264986321277433
0.89576560541767	9.89571363245618e-06	0.252775459428441	0.00731549949656705
0.994982438033033	0.000160751233773267	0.976549514861155	0.00330680726848159
0.52973925291741	4.31201912046823e-06	0.511286801786226	0.754426985064937
0.974609890668445	5.00645634180529e-06	0.961975815701109	0.951897929921487
0.146756672849198	0.00336746714823323	0.900137411752866	0.628698635961811
0.633056145515491	0.00591057076417913	0.428657276180739	0.0128047845155233
0.953749351642842	5.97171412530271e-06	0.912109001140805	0.00444100133499344
0.296403962460301	0.000113694944577633	0.247187322219451	0.104698149341249
0.853856092219831	0.121182047531043	0.853213603373863	0.00943747350832493
0.589009433505703	1.40422897377095e-05	0.28735950328069	9.17974358462267e-05
0.435834322089651	8.1902440271599e-06	0.545299816215143	0.12380565218686
0.87386957171817	0.0490857751689391	0.8382823886721	0.0544189846928492
0.937889494735616	0.00248539924136325	0.275531832736924	0.926569882362948
0.364204188769104	0.000263246298711779	0.171737268025003	0.00304101740629382
0.518295243895124	0.000269302097897778	0.856694723337888	0.042324249435166
0.685889148530341	0.000726879934312486	0.441137954746307	0.0573596824416962
0.565522780295276	0.0506474148729605	0.947902281799419	0.0348493205962735
0.638110095472112	0.190088427221944	0.666399296061948	0.252143556138981
0.672410639622184	5.86445232890724e-05	0.979314850950251	0.281733850477899
0.319471132550245	0.000506815922620089	0.533431659383582	0.0251084227622193
0.362337113377384	4.52372436983462e-06	0.440621186109568	0.120837906919413
0.79960567454952	0.000186522874467005	0.869904963608632	0.00125098218890449
0.946315729971743	0.0003984638683614	0.403847831779528	0.0021018428389447
0.459013920144407	2.43851135428201e-06	0.64109263362814	0.119469423783403
0.97232394194813	0.00406164795889509	0.962677357252437	0.576876210187974
0.98582220946244	0.00271401454269737	0.465120878839774	0.356185479865894
0.730167636828236	0.00131381033713278	0.966669379566255	0.124861720750806
0.338724267384836	0.000604222310512304	0.809027493903958	0.00545464795212746
0.40826100611415	0.405313703918577	0.871057839224357	0.00179363438310834
0.272138903164779	0.0176356568634263	0.900150548341565	0.953489158624354
0.222962527950597	0.00249201128932339	0.684173668284035	0.527854237414514
0.948112019513806	0.442385713422024	0.772295023199261	0.0546304212864508
0.873807904160056	0.0824384192874793	0.929620981556719	0.0153466242266835
0.534915093596758	0.000319248884256859	0.646026275650198	0.0167246088988938
0.770835364858657	0.00303660633152741	0.99862043270874	0.632575877282822
0.919266959697133	1.25243221118205e-08	0.921276663172498	0.0495996010792492
0.871202767241112	0.00428502675232882	0.769415987196941	0.506785910405726
0.0266578699575181	0.0135137584323315	0.915033383029222	0.022231809206283
0.748336425609092	2.03226245303451e-05	0.618424171502649	0.00428692374144087
0.100452689853349	0.00441300790360847	0.3685416608149	0.104593386052729
0.35642712677197	0.000436891136542226	0.996596134472308	0.00664313273329787
0.865391174702781	0.000120821489591463	0.761619979083907	0.287150599446952
0.404574025280034	0.487464069627109	0.98649553440149	0.117000523941536
0.933338021557594	0.0278845468363749	0.885703684731528	0.101106787527772
0.948058750812633	6.03551577684534e-07	0.950215615715442	0.0432279552274738
0.227534677438959	0.000434028326939781	0.859562247128499	2.26943409979972e-05
0.919102840656927	3.5636006996306e-06	0.074361780082937	1.12943196675605e-05
0.559252294082165	0.133486736773166	0.881018553852982	0.0226065458689311
0.924764100782687	1.27029516612391e-05	0.999825744521549	0.00152869887964026
0.540929475772322	0.0013920807392209	0.981379750385935	0.831602388264704
0.72867597998264	0.0154158062217287	0.558213551335782	0.0117894524094999
0.357124550370323	0.0316691144377979	0.265410253274735	0.286739058403817
0.927672391677987	0.00312039033284827	0.666931501389157	0.00948584620930725
0.965928891868133	0.00264745032598417	0.411471757148274	0.621920425398989
0.148667371250412	0.000196650471616954	0.0516478329109019	0.0369897794093669
0.511743662024344	0.0139741082892212	0.936607966428003	0.0513665596016737
0.933595886255055	3.72219305118989e-05	0.562476585653749	0.000228784080191673
0.868608867803319	0.000401323796618984	0.964664713198072	0.0210602907784781
0.119402490126047	7.49639273743441e-06	0.728235296499055	0.207799094508589
0.643184089807618	0.335446041928125	0.999882846950737	0.0103688072461857
0.973164347510915	0.00042984096409054	0.460448963633601	0.0578181969819832
0.921403471790785	0.000177109618679925	0.897974143645386	0.0234302337350201
0.698110727042107	0.0105498311144739	0.502855621012408	0.799541098741796
0.503409606349334	0.00163513453897632	0.365217665931	0.0372770808830458
0.285289006891509	0.52954421945934	0.643151539958252	0.00322622387517269
0.980793365645221	6.20625505209806e-05	0.964428575662186	0.0499952645556218
0.507426887422921	1.34352836314603e-05	0.742535146115149	0.511630293578406
0.840893560306418	0.0119755253096279	0.806526046083898	0.623427845410571
0.338705316345485	0.000107991337465597	0.178677234722817	0.000837530010428148
0.435527771675529	0.00236876514980031	0.561391381950371	0.000632830704526091
0.748168617913838	0.00687492788036217	0.923532551063241	0.570630117904356
0.661618061695561	0.000869062212070981	0.284053015556651	0.0208594368524275
0.962164424079058	0.00224394098223913	0.750176916284934	0.00228084009954528
0.845798466712339	0.0166869001181151	0.0101190222455194	0.0347415241552212
0.900912090125886	3.37800075768181e-06	0.650632464560174	0.600151517208668
0.339179537191015	1.87249287703756e-06	0.449366849074572	0.515490235307497
0.528445709864826	0.00356956299285525	0.0267363176891066	0.181541239975586
0.620387971281877	6.83653929041006e-07	0.491862050143528	0.25340769715954
0.393739365847088	9.18836502242979e-05	0.579938848620157	0.0349043615266553
0.677020442969422	0.000103460558961982	0.807345515251263	0.304758756490068
0.513259478979355	4.06938805470365e-09	0.89392927208605	0.310968060669364
0.807931597201402	0.00329868251253476	0.972581983563584	0.375423521433385
0.812072365349829	0.00763328980376086	0.085107852821484	0.000731225873052988
0.804132495910824	0.00955957217312713	0.42706701099218	0.322797589345781
0.473081403704964	9.1197636289983e-07	0.735759432115607	0.109290125283514
0.681198003919233	0.00058065674640713	0.871183432062325	0.0502565484881498
0.850229452207551	0.0048117434792956	0.8005393146156	0.00102354709713091
0.77868771787722	5.07475450132921e-06	0.956660951478417	1.14261470993689e-06
0.562309299438318	0.0438544882862763	0.657289558780625	0.0678993800167607
0.166164651579103	9.22673081116682e-07	0.97626404992853	0.00128309234577406
0.0623371187536714	0.0219005330994208	0.998173385945342	0.374940315133061
0.941334880098224	0.0220748545718189	0.538434329546027	0.010268198600844
0.517673491436191	0.000841012732476997	0.95300331641103	0.000779680383589729
0.871528499415273	0.0321853154587069	0.994528037088973	0.00013850299486517
0.352323142430315	0.000150853542250131	0.201101196729354	0.140875080639794
0.466997957326845	0.000447165013928833	0.774321435136292	0.0783974639752875
0.814438650853605	0.00756697187210886	0.533079013085936	0.199314773002325
0.988651351715696	0.0156977246279713	0.856040636990867	0.469746378145567
0.610038184785771	0.0124123790721402	0.963354852337713	0.364081728291457
