X1	X2	X3	X4
0.697903870172368	0.439453574039659	0.924066979629827	0.838096343458646
0.851959909622708	0.161382179925197	0.998301318040851	0.0912109327636598
0.0613309418083213	0.937547066413009	0.0295973832903397	0.393849471839779
0.0515255448574865	0.075589460143822	0.250192162838055	0.118382833731688
0.033929420141478	0.900310675149299	0.0846814236303266	0.175198455953076
0.22943363414298	0.674234857405961	0.204936432108889	0.000364128202273124
0.0773661109571336	0.323523926519215	0.995421679263047	0.0152578512520555
0.648672517553719	0.988939805243322	0.418227509392073	0.063543679266002
0.0784894577765458	0.335744062208314	0.827752151787271	0.534140800279263
0.183554596548451	0.571649987888764	0.92263630866145	0.561362469113593
0.26572632803443	0.502079534146319	0.960444024773291	0.330564113931737
0.289436288278677	0.986352263950262	0.0316085302316348	0.317005138573804
0.274776879609314	0.598822593199585	0.821363448722206	0.676713830860949
0.143847032078459	4.96705893667724e-06	0.985169748740357	3.16898964518213e-05
0.710909075430415	0.456413410505605	0.609260887761765	0.657405037548793
0.185944943573565	0.889320240901135	0.927080894760034	0.280642352634782
0.0576243472898373	0.435111006970925	0.573682155267108	0.65253648624352
0.901578844911846	0.983284635853541	0.807920825080794	0.10282568957555
0.259119384383227	0.0546106881256928	0.375853894120046	0.332783072881831
0.829497620514678	0.431932107008512	0.453946745642756	0.00137746009318052
0.0019643095449565	0.867171522050894	0.0802717085658445	0.141635250557154
0.000193599470136407	0.984139813365506	0.0286022042781954	0.0217883747614027
0.0115446349490677	0.0289069140180898	0.794065296199712	0.379401080494466
0.695489491522504	0.141981029918879	0.803984365704074	0.0291499745919937
0.533596144258625	0.77755519305248	0.999004377126925	0.906821432127667
0.257939525800133	0.687432866733667	0.606298181450045	0.516362740407133
0.349908585330165	0.634921118128054	0.84512389527	0.949725451669191
0.0673308935054548	0.0724933486951548	0.948259191233092	0.982251093560016
0.144977057930405	0.967949719548423	0.222942140256374	0.126761555864311
0.414660502222896	0.0124397215460532	0.666107091943875	0.384721073198641
0.65536590719408	0.160544231208613	0.708771957783003	0.00140752341406269
0.842731381931259	0.825305063090534	0.251551975911394	0.726829391365467
0.116654761551555	0.993932057804585	0.636206120858607	0.000140386497372868
0.29131497914103	0.882654011528322	0.93669006724588	0.917021709626567
0.172231342933654	0.925515000680734	0.978040562703187	0.85690833238252
0.34401826768099	0.429700827005222	0.843247003366319	0.30803941418778
0.047027947287621	0.702966570234676	0.955273135443541	0.610995423773881
0.705573698146572	0.618283970453565	0.272469066823467	0.710420135409646
0.000362667736390326	0.515684300078039	0.971734186175424	0.012204290203613
0.0516606258701005	0.582417089059436	0.990599915075072	0.556946683698095
0.198734838430129	0.989005749984948	0.932730267035736	0.565606707516842
0.554978493615946	0.0114339717639654	0.446855442199481	0.942557717572033
0.913224037310152	0.429068286263939	0.743506562292853	0.907471793085846
0.282878984448174	0.864417985169534	0.966542066196246	0.51742166166868
0.223387769952795	0.178352903632148	0.0265505881008711	0.00284222294863522
0.368408391494298	0.536031697884066	0.618476600597443	0.000216440351536759
0.143944687615442	0.312175100760986	0.276584184040999	0.0441381395547832
0.0284694370054919	0.696787212051607	0.17881762582711	0.00882255751037275
0.974497402573254	0.829202170567582	0.590177285138466	8.59427159563227e-05
0.697297041954604	0.948083947509673	0.92707852529776	0.333716879982707
0.878499224044368	0.00534770798795888	0.304238111894934	0.198390199570942
0.0293859810584261	0.651156059050622	0.169936576367497	0.867370910613707
0.00231001448047776	0.137280735980206	0.334545863324622	0.642470443330005
0.128809075319855	0.0630901272487055	0.365418507406823	0.00153368189020163
0.467584275130099	0.0425897325027194	0.0339125039153145	0.0255102242779129
0.846803368140869	0.789224279592102	0.92920352996022	0.151645932495816
0.230773233092255	0.770861724451243	0.954654492648217	0.942605330930019
0.155426121528444	0.990914806307422	0.414332422752201	0.893256320616794
0.312909849507053	0.160438828474472	0.53826720699639	0.792687765646337
0.914830715080368	0.960822731874899	0.724037871294526	0.0278077492014118
0.725578741106124	0.90827127225451	0.996575089032154	0.82002045827564
0.00745600714591073	0.00166913095576049	0.628339029403204	0.10428795092308
0.457526383676144	0.927991268422651	0.481933076564643	0.000166124575241477
0.275584312696748	0.231734828656371	0.243233968425513	0.253145557126965
0.122461665191225	0.751896697027136	0.994044448214322	0.500255299788664
0.0563181508166064	0.592934484346621	0.983230287871751	0.46406104671952
0.106113251386163	0.216970762401918	0.959782301772294	0.272647102738556
0.848458543128073	0.0335458122490627	0.513567281657317	0.269928418135155
0.678626409698583	0.751691947776736	0.398727631856236	0.0871225635982487
0.785764019537295	0.421718248442723	0.286090444298054	0.972620423078051
0.149035237746988	0.020295411318848	0.493807201606178	0.0246166868414213
0.597335021368854	0.146671352590192	0.822275929290194	0.681410410363402
0.00988898096590341	0.993772622625068	0.789470739598678	0.0436625171217141
0.526865191854006	0.0451918739793535	0.953578960364063	0.061750747854796
0.0880915159650268	0.0371339557586094	0.409947516227311	0.574847940119295
0.983749812126223	0.355331232061385	0.128153697865233	0.934969362210839
0.123612140732613	0.290205902407062	0.686552905153983	0.980741441523023
0.354481360582874	0.922457565672822	0.00942464274120643	0.129492496697612
0.00744553833987981	0.969885350067537	0.14518140254381	0.294583114602983
0.627383447402663	0.632365740976637	0.44941241217268	0.180554508862781
0.0661909861677272	0.867736440606475	0.00627339517790326	0.0442074911886187
0.531452830730101	0.811598663229415	0.753508201185392	0.120200651682487
0.838339293178375	0.993474833921332	0.922845095963868	0.00936787124112879
0.745306659154112	0.765250062383738	0.999651295815863	0.18127635135586
0.264075255653524	0.961718138389138	0.99896631009346	0.105078911776977
0.00305609413344384	0.401547520942684	0.896922184338282	0.000527017861682357
0.0995468957524678	0.302932347996404	0.940738074820982	0.252719624611594
0.0479144517802827	0.0020827216676588	0.645517848268502	0.162389478368058
0.0636360730240195	0.00507479734060442	0.339831950436992	0.528817012275662
0.439518074982896	0.220511927646256	0.838719624557598	0.367563105095573
0.00183259430356025	0.0618492829376762	0.880486449586096	0.012642377673904
0.32436852699792	0.662211454634192	0.999999860830196	0.378081890457997
0.00404763856041486	0.0819020914912241	0.950897362483826	0.000845295533791285
0.12449456373515	0.271884203379032	0.818320215879647	0.171131818406329
0.213721139864875	0.127643663405951	0.950108118152738	0.676929987078236
0.200453024301143	0.333959580858745	0.587851426977018	0.782134221355334
0.619294904581993	0.00013629977866118	0.910862741605286	0.0033284623156531
0.245006107423588	0.114488609976755	0.957388978914584	0.000766986275426823
0.458713048506634	0.0509952852322325	0.699802016875079	0.889797874707258
0.657793708553515	0.887389468235084	0.52898329165719	0.109908101893003
0.381121179288718	0.247388607629743	0.999233116840025	0.671968600800163
0.0808436330476795	0.534492327801585	0.0799531053286044	0.0139050830328193
0.136122572157939	0.00841728103750448	0.126279019675915	0.956028854099856
0.00200910212206449	0.0815495281416434	0.848671571208435	0.317563937009491
0.535743234621822	0.699950967301611	0.325212205913258	0.0645088808549434
0.0265107474960724	0.158271342966619	0.949205598938796	0.811915406251187
0.133299241907829	0.160800377738829	0.870488003698899	0.0988041476482058
0.375503900631899	0.734311631629625	0.838994549337051	0.995246432739791
0.0966576026133884	0.498364425358978	0.0371478255930392	0.0999673096948754
0.361276411041094	0.18088618385193	0.829982025341995	0.404865110677871
0.0860278919341271	0.204560020452928	0.996847628317497	0.00139385081193017
0.0359929339959599	0.908873343065234	0.13438879144006	0.133019984832653
0.962545286296836	0.993202006946205	0.958164917805374	0.0771006883217822
0.194531968444336	0.926639518977837	0.919352291562885	0.0233938723260764
0.24781996636728	0.89412754347442	0.632369732934239	0.0401659108319267
0.307902022217285	0.845449461184987	0.900270868972616	0.235399813385478
0.795170716909103	0.424035295308106	0.874959612991048	0.869642656759065
0.286679202074804	0.161863222610002	0.86387173154996	0.26534073021329
0.495639470844315	0.0195679825721857	0.475792160722207	0.578286141209819
0.715369260985193	0.21953711006131	0.977849804364286	0.0568146652706033
0.374944963366917	0.474658522958073	0.440681559082181	0.777588935826035
0.312599623739054	0.301132193375651	0.988493981554978	0.713773703627706
0.691990715385328	0.0544963828525069	0.944159743136731	0.00624349901002332
0.0855557915295213	0.0338995209494532	0.80732155896034	0.0101304396252892
0.663000101847789	0.206241182818655	0.627937308126511	0.22687039084863
0.163571021738581	0.0221655885807577	0.47420938388594	0.371747080159123
0.950632266801313	0.403797357092375	0.12333934750454	0.177968517830064
0.864841636776639	3.36295748853128e-05	0.999815739618032	0.16344251704222
0.664526411433304	0.158956896689569	0.487769235967898	0.725456642317434
0.00231389415322784	0.776813125408554	0.546428862330999	0.0656055156355886
0.0204728596836562	0.926683979396305	0.974448683938398	0.0926213984024143
0.557790076855386	0.933931001323031	0.0604616700239516	0.247990138072718
0.0881466251946743	0.189436832862975	0.792008528603717	0.00077992980144968
0.215070600511738	0.000683138262078855	0.347442960231543	0.127715317082277
0.232699644578902	0.148609470657177	0.997901292025	0.44540337224958
0.146263147069639	0.00362397302560513	0.73580276994977	0.117340189418971
0.165496265360009	0.113492676254831	0.577760406672501	0.055804704829948
0.339166774655408	0.526896912906061	0.0596456204914696	0.0129167617753148
0.750356268979982	0.833212670036648	0.881249056114822	0.0377625551313692
0.232131977011342	0.993107233867427	0.655147134763141	0.00778416280868256
0.724985746942883	0.980274330587532	0.0945085864603517	0.88724132580376
0.0900877815950846	0.76543575656281	0.912127491827197	0.703975585435294
0.362504401914754	0.823494131414564	0.293385757343709	0.0028892170028966
0.34308385480581	0.28187160458412	0.353383004564602	0.58466783040944
0.111004792707372	0.0701551189835271	0.96681819661132	0.0227730347967857
0.0329308976363248	0.170177039590691	0.444865101245872	0.00063706598186294
0.647441384536469	0.000262439650085514	0.937390371979826	0.2119172350072
0.296935691361548	0.229959092360779	0.0110869371753755	0.82064525095658
0.707364992743395	0.0898925699539232	0.599125332038882	0.834666091186266
0.668869822399945	0.457004898324828	0.888248561976212	0.371545259308913
0.395737756641345	0.252091821849919	0.892881513784413	0.410821763285936
0.991116062650787	0.340820359306421	0.364574361519762	0.211058515719328
0.553359162833136	0.208049729390191	0.947294792079517	0.713959557256585
0.162415166473916	0.0264749300289644	0.941122826789477	0.43763113424227
0.134412090020911	0.0374569206308003	0.0716093096948548	0.839744843289759
0.231369612895654	0.648988118577301	0.559775345253058	0.773795500676616
0.329074791406634	0.0103234085414812	0.887555946213999	0.0283017820291031
0.490130394800163	0.976569594121483	0.742767208986998	0.142060271891144
0.218535517042903	0.785754892508315	0.953604975675272	0.804844658083508
0.566589918547792	0.456748887282009	0.0800415484832439	0.885320710843737
0.535782511680622	0.00600040748006917	0.66017410565523	0.864178515513065
0.20084585435677	0.200124321469716	0.057479961642921	0.113610466545246
0.051201891706468	0.163122696969155	0.225534802747515	0.863728161160359
0.434520760119112	0.0711498381164866	0.752517561695253	0.00659749353752892
0.422523690523288	0.142144725841258	0.344730975528745	0.92341491251716
0.675880633519603	0.2374365641532	0.329446794232053	0.267863352880911
0.38121859404846	0.0299582164518142	0.997741203327324	0.0357543918849686
0.00638702027017644	0.0188637980255555	0.200865689359278	0.840038019761408
0.83036846580641	0.192132376940325	0.999905034483661	0.00817674122892076
0.00526437878230863	0.576500601284035	0.670279772767511	0.969875230178805
0.118840055634649	0.00440483520345809	0.829243684924859	0.78798708743984
0.404749284278442	0.823673203665511	0.0506683598842622	0.385915928597471
0.451535443536862	0.148025083439252	0.321920321090919	0.454327200584399
0.0758587570629907	0.156739718711055	0.962204027225992	0.010320259899376
0.0365705485474469	0.537017985451468	0.999956624415575	0.27883292815962
0.413158800871573	0.496286610014761	0.655460126877722	0.971080416380799
0.999259969820771	0.956836663674866	0.884836751232612	0.619534272638982
0.0917289067090761	0.734468015183181	0.866801736690504	0.0559254086944638
0.0854029145932633	0.632567944317865	0.553870008402377	0.584188861121476
0.0290636361463669	0.973382186845768	0.236178283470086	0.112216416496477
0.367573707182958	0.999583915596786	0.908568759560671	0.00377778347047805
0.137364074345042	0.406616710913631	0.0431883434474812	0.00993890496609708
0.106249915677206	0.857134059840031	0.763510511036925	0.769212230919755
0.143946770243663	0.283990733312527	0.571957706530669	0.170533345196653
0.313773539420891	0.0443802832725406	0.893376777456491	0.17097235772516
0.501452455592322	0.736580988106516	0.852476925094267	0.58928141587819
0.814685466347283	0.261500456479193	0.270413625516967	0.976813572854495
0.452364906100672	0.0258618249148796	0.764939472732921	0.538460351161742
0.0231217098264614	0.727739788898314	0.626101034294539	0.19837066268205
0.000209156204432051	0.124478885403573	0.11780958475151	0.00121088329638936
0.096936233771455	0.545915822238688	0.289544656817758	0.32635289821122
0.391889512087257	0.0396346138086826	0.980991698990479	0.0688407653091252
0.230408604546186	0.969199658057798	0.980393461740574	0.419339029249032
0.0414266728378391	0.988570214308433	0.78206759217043	0.916176116228598
0.578277405948692	0.133961561562755	0.172714888277951	2.67787240417481e-05
0.400304708197365	0.422658134287442	0.474958757192485	0.147487619298825
0.428903516080838	0.0427453169604633	0.930861761299149	0.243671356430095
0.863907355202019	0.168697496928032	0.937329935237387	0.361712952530377
0.196879610042358	0.000559806140925336	0.705207314177131	0.0499531760208426
0.928047053708709	0.394019417204556	0.522868187389879	0.0282603007049858
0.172607911691697	0.468779452537146	0.697279464631131	0.97004706753069
0.688246472987969	0.189545226845264	0.328394249867795	0.0560241322438517
0.186078863080643	0.442781304456363	0.342236609847626	0.997039229739329
0.382722870728828	0.819769831404227	0.237718199874517	0.239160733191931
0.348047638805261	0.954446838074671	0.982265181445524	0.894775286365387
0.0370885673102518	0.0550821626462536	0.149526237167274	0.0767332961105059
0.893347293492195	0.113179186441152	0.617148617457096	0.151660883903312
0.767977626198981	0.644912871532959	0.731271257183433	0.99625109560232
0.152282082221485	0.100234858259366	0.370962168034031	0.959263172382023
0.989591349484216	0.11339056504651	0.989846882478013	0.531353283359042
0.410080882840054	0.986694999544282	0.918717229391421	0.0541511303986437
0.521229463813885	0.441615081524763	0.665449874525797	0.615114661303042
0.765085997768768	0.74540902085317	0.809970674421727	0.244732626295621
0.325154707917654	0.107352637285323	0.16958686204335	0.0101838831267767
0.0194648601328366	0.14113779227924	0.659153054073751	0.650688046823056
0.99994663062392	0.494793513919638	0.168417646231269	0.0997954731102003
0.407202451396241	0.0361325195525018	0.555722573870728	0.767341991575225
0.123209394939609	0.76896317308684	0.155786397867742	0.121122150788348
0.318681249113188	0.277527754910502	0.988170932254243	0.865648160892823
0.544118036817902	0.982571265891679	0.398406193483793	0.127718742301161
0.948747164780426	0.232951394500319	0.154480863806228	0.691257697477338
0.548292342236859	0.77982652388982	0.0651117514869463	0.341226315585898
0.098424099554135	0.273879512126208	0.825196357072796	0.524519723538821
0.613626369924436	0.830880446816063	0.803138371876998	0.00156194800699331
0.949567384132389	0.00480550649300783	0.962566314289349	0.427912245490235
0.630510971544932	0.668861645841693	0.157828027383062	0.667719934203936
0.354820687636512	0.0277413216297749	0.112468533954862	0.109393456810401
0.339641080227644	0.214059083111171	0.814835335413583	0.668733912515239
0.420243672114925	0.0624381136098262	0.804639849054748	0.399092578591717
0.572227238898372	0.130414503074937	0.990892948256022	0.0362020800451167
0.547136930976231	0.780389613154964	0.0404678005478531	0.987000788685845
0.6076977812251	0.888597658603227	0.976358850887801	0.771754191128439
0.0758675381408642	0.302537154571806	0.0304206575171441	0.289776554155126
0.00225839901550275	0.675404829031456	0.181146092791306	0.584660234547428
0.287246197159331	0.0236032057693553	0.00123729515217852	0.447495924074969
0.335138356473531	0.775465635529578	0.922261397939262	0.605233279791056
0.653186579102934	0.992749673269937	0.0918625604788504	0.995215487192886
0.577619496503748	0.620156930821477	0.519991347953429	0.899224451201908
0.27270330286517	0.907215313002766	0.963437208835812	0.0200735469448823
0.466164503628932	0.694728810047165	0.537930003294673	0.0349528654658505
0.353245189292451	0.291726653423649	0.80229512775152	0.985178737290624
0.291554888866282	0.000477623801968946	0.63322269815079	0.342715230117625
0.182715189546087	0.129101482736239	0.996180705360837	0.683698519840201
0.355623801049282	0.00461727577456208	0.799300331708704	0.192675925163384
0.208668156584916	0.213212340931332	0.593536119058307	2.12914503424736e-06
0.39309778062261	0.506851143305249	0.999929757196614	0.0114906288151494
0.035211898222862	0.0230297461739205	0.031313384952628	0.0549101519809083
0.113805828705691	0.104080816196501	0.504370881869454	0.289902297851403
0.00490052366168258	0.00177945954380611	0.314876714759621	0.929254978489561
0.617259915214627	0.898028289849988	0.900420575000729	0.995323990094815
0.469905594080909	0.46824671148323	0.351261065174229	0.158325962612201
0.309192972715626	0.813262600445215	0.773414529503897	0.279133536945189
0.152788184699744	0.290286943223128	0.0566472707006802	0.0103329124269366
0.496327628897758	0.92712977713194	0.489873052817702	0.338379836307795
0.843207621200689	0.380815352785756	0.989815540895398	0.0621612787531023
0.531041625397891	0.467236685417946	0.135714125873874	0.127707402159342
0.821668264912482	0.297072540594378	0.0583159524389932	0.00181152898046852
0.0191532860682956	0.983194830433889	0.579512027417565	0.031123649908532
0.801936052448936	0.733444401308712	0.987536921913133	0.855548023821497
0.358434868263527	0.251363047335179	0.123195962200227	0.0350762023678465
0.649230658501596	0.726520093467483	0.246792400297449	0.0042939005969868
0.472972795519809	0.982944284720559	0.235283105226381	0.321330228225183
0.824754572162695	0.9530432139881	0.998962239054065	0.00048313238701224
0.281129030741935	0.858652906958015	0.998526046581434	0.22206821375406
0.0320655974381068	0.00511582148875561	0.999634726840769	0.181572093720103
0.0857132244451742	0.906856773168573	0.640920939881122	0.722761898166329
0.018420905921471	0.0020882943136892	0.267251625742014	0.865243221957537
0.544752862241553	0.492059211217123	0.983981258613434	0.490662788329169
0.0590341477143675	0.752907235920204	0.998359380452694	0.517343737295653
0.576599487301726	0.0135035543486769	0.881040587735389	0.788217267423556
0.138787489354682	0.00755434192234284	0.397154236558901	0.802893227855482
0.413470377535574	0.615058800739579	0.966201024667688	0.0694834577642618
0.473333070528873	0.96802870139284	0.940863749887011	0.00693038072956756
0.705457085430093	0.201448805003376	0.260266668601936	0.533238824747456
0.181719839186674	0.144128317337108	0.165226028568294	0.523308679958185
0.232071588749735	0.0920662500404391	0.555090870996792	0.253189916748858
0.0107503931216531	0.543073172274655	0.338066735475103	0.538534241709421
0.616732326777919	0.132844412495368	0.734370766400096	0.299511169989325
0.12376179437421	0.647771634382489	0.765938496129928	0.0855583770669168
0.318917133857608	0.647943091941153	0.258355116230685	0.0488599883298198
0.00112286555155968	0.3149161947444	0.928458989252964	0.00616573398577923
0.0065342539654346	0.200600739303654	0.648534066947826	0.982072481965697
0.0628784195966359	0.0451055591230207	0.571934179374222	0.0987525834060713
0.13448164685983	0.145982384881616	0.839778412650107	0.000696902547794667
0.782661554755062	0.888492289247779	0.582437786110724	0.964799186444526
0.94988454197167	0.0118577761160193	0.776099846575824	0.222209098910246
0.0643535556811959	0.0361649060046629	0.347124543385778	0.254299869586558
0.0536843270035924	0.995292457378737	0.375948755982703	0.00294271059311481
0.0449216354863395	0.00492268635986722	0.533773390260452	0.00277697533236343
0.0177185749496755	0.591532181520105	0.393985318192777	0.0386529175798166
0.503789281689954	0.878860960570752	0.552015677021894	0.0243290972116571
0.0365823317716657	0.27059063392538	0.663122446954678	0.00918117224695783
0.00659667825631136	0.999888254480626	0.874875143797832	0.988625782064178
0.0882477963981258	0.0848501609125535	0.468840497093439	0.00457129296017499
0.448188952437357	0.918381448425325	0.568089475484357	0.257853942636696
0.620326410766514	0.160060579191875	0.0347163348046099	0.000539931428393007
0.088650035916443	0.0011648690188578	0.903097248922631	1.35056705859938e-09
0.564803366364171	0.0414616377292366	0.126523200781997	0.096291353789781
0.118962243382998	0.770625026591016	0.614921526030205	0.999971714471947
0.0377695470014192	0.79926368985815	0.340239773274067	0.277397099506478
0.744162753925009	0.025575011779449	0.99101705213226	0.198810507607047
0.602745245710945	0.635442376481805	0.478280312875767	0.690100831258681
0.80892522734597	0.999830134101599	0.18224395589885	0.796851784273927
0.0662858620591906	0.296892227530442	0.468582135635087	0.0156860431027715
0.257168282296745	0.215345878425574	0.898055688050616	0.250858933741648
0.0296192802850783	0.85610910528865	0.960443400721193	0.000872360038029589
0.819581207591287	0.0553891601377145	0.790775185374152	0.00737613189696143
0.000863843199635775	0.0180640384175118	0.425116746268193	0.972824430192958
0.422187541811377	0.711588423398608	0.234023930890483	0.0687323889942775
0.877097730499329	0.998959116191649	0.013247836654175	0.99625065118468
0.689217366386681	0.0118265480163971	0.490042025242475	0.253092149948564
0.143493757283645	0.524514823360505	0.370411490070147	0.131394616831429
0.109224655922001	0.350148437690452	0.866163767526276	0.284457162658503
0.0338490665380568	0.77419516244255	0.998765223197083	0.000506327132507181
0.590354490456495	0.604171359239374	0.0809250581194704	0.00480740567007021
0.941204842509503	0.917541727582768	0.824458332842889	0.838204754402974
0.000665146564234461	0.287880990274233	0.333283450555095	0.295324429373282
0.296778110055738	0.654879570281506	0.224719612633901	0.0043405541905587
0.99301906031458	0.689406774550299	0.425221047646453	0.00622209065352054
0.391005919900344	0.428486200440856	0.863780335396604	0.13242418433761
0.93488492750883	0.441369055655995	0.953142389201924	0.0988318398539685
0.0233804139224999	0.0615565077204944	0.837402038453053	0.157872821474385
0.116850630943641	0.220713221634595	0.910149511602002	0.287263351145739
0.353969358964831	0.598786260913928	0.541436785599726	0.257056735314117
0.87505184230405	0.285794999604452	0.935109754988925	0.0846606226825359
0.0569630650894704	0.999214257333969	0.208118510610867	0.0719285286177369
0.228881392385826	0.554667737556442	0.654730779510969	0.985318941537376
0.944197138718514	0.946407633851767	0.988016688073927	0.569837589612362
0.774325207199555	0.874848433191378	0.517940810589042	0.0182961834099988
0.441414376850112	0.311501582178428	0.91907089295788	0.650988615532716
0.145420305456805	0.208491185945236	0.769662427515277	0.138301890085073
0.763177290833059	0.222742036479466	0.148934255669191	0.00480953581910046
0.082640634113195	0.739143125360771	0.326805406302759	0.703255690467927
0.826720310306947	0.00720441105678071	0.992532180587471	0.0212532466729489
0.227398221957821	0.0563977143171487	0.336075589547391	0.181114715900841
0.0830903329692969	0.359566580592425	0.0838189119225011	0.000344554966233439
0.00484003196028411	0.951145692269306	0.623483397200931	0.0381744205564769
0.00336774793764956	0.277039124002638	0.318926677780642	0.0244677216564584
0.268346053121097	0.13958408878649	0.998437977058243	0.0478476366128491
0.910871637784451	0.982673432399363	0.176260689209611	0.955205472903736
0.137017251748191	0.849453225180069	0.177605706783304	0.726287672832787
0.235246833795456	0.999065057606668	0.999998916120229	0.874872545368352
0.131018400399802	0.23839962056936	0.669350495954326	0.0566510811640884
0.114909084618435	0.136725318549745	0.0181575721043212	0.0176890047187851
0.0549019491610747	0.957247484488187	0.426430882928735	0.289018213284746
0.263756860562537	0.806180649866513	0.628350710946149	0.132419952402979
0.299016436798183	0.0147419204705238	0.450569208146013	0.363692919866543
0.289392960008438	0.226084780093297	0.28680691876492	0.868144608135218
0.0139607901296023	0.989279078370243	0.985898534511507	0.00265717209070201
0.246192393498715	0.00531526111760451	0.441285533191983	0.925834544981607
0.245204060467891	0.57530834240801	0.907167850618072	0.0813455711386021
0.244116961202895	0.117780782607299	0.202682969737927	0.341156846821024
0.60303924908555	0.153778092309977	0.64633146794133	0.00393954990192137
0.0221288747964369	0.949357552044135	0.946202007202045	6.7716126332372e-05
0.694515532376827	0.257565242789108	0.777453997573228	0.375892169573671
0.0556125641337185	0.866667325229712	0.751967948045564	0.264170986497917
0.277166988693038	0.909898894119698	0.904224217134383	0.000192322638729593
0.896806079830741	0.294077611286784	0.289170268427069	0.70795721106466
0.0106848518909768	0.00344012163394159	0.836122508803693	0.971006881413331
0.024582350671697	0.861201431135225	0.998046145050895	0.0412446090426093
0.0572872536176738	0.924424105248536	0.883951468417351	0.186202368621243
0.987487651595109	0.986332142466959	0.882830756220293	0.654265269437324
0.963969934971256	0.84734205170196	0.0132432680092333	0.195042384269258
0.805048862766184	0.953587657519356	0.710574954538029	0.111980695476334
0.556143957415622	0.127413473381483	0.978249206897712	0.55659975145475
0.130334334022633	0.0706608908894511	0.6614312300476	0.852706219881198
0.00508360167417666	0.00581142145718731	0.888432898003088	0.0588799017496711
0.668917169504199	0.26597453878544	0.986215450302303	0.835018916834434
0.574288702851709	0.966792815252934	0.0703774492402395	0.809898262105217
0.473303136222053	0.951246282400394	0.333012865423301	0.100454165139084
0.00351451969104776	0.987748049818142	0.289045678480138	0.00325951659305582
0.0410945680922974	0.70576303952521	0.809581570030083	0.253292472980442
0.457444511782878	0.983648436235837	0.811633107135064	0.0252325329995483
0.318981520539689	0.363062207049065	0.289375953835587	0.633427870099644
0.771560218324597	0.936913473390434	0.243469501750483	0.5009581467072
0.150087498557528	0.96416571704037	0.84884508711254	0.905053708506733
0.40675253514474	0.63532326419445	0.0536267841359263	0.988042092575394
0.0415727804072166	0.67841427951367	0.924688530190252	0.44753526009736
0.127988725004518	0.105246578817385	0.0452579329257411	0.00292035444110052
0.291554040289595	0.621614893628594	0.691245131646024	0.349792713685846
0.110404599982883	0.0642808816816386	0.453179175099181	0.403732692306268
0.572452536514153	0.0752633769698901	0.99352813017599	0.553025772920279
0.0975387225126343	0.960038950190884	0.784235185988156	0.161785486647961
0.431978904641114	0.148643008588332	0.744249678662316	0.829325626592025
0.405362892156821	0.850934289451133	0.487913027954525	0.351769188105821
0.257883865900339	0.427140711381738	0.868372159926775	0.371275475070497
0.285358426068987	0.0380626903340078	0.732794285212567	2.20159629110355e-05
0.00823374361207503	0.616982219078517	0.542583917281331	0.391205721102931
0.961378722653214	0.121895874342138	0.945046684698527	0.913558766687578
0.444622475688851	0.432497706394218	0.707174267030428	0.722069857073063
0.233952741095853	0.945518967396522	0.156526136541098	0.0548600967790377
0.0024687073284947	0.0938479254367755	0.975317746958075	1.7625127354824e-05
0.17002190143653	0.30960344240192	0.951611002241687	0.97730632710905
0.106326168794913	0.95052216980035	0.173499713652006	0.00272598382106735
0.11630183925083	0.591256445749276	0.978001837509759	0.00785888978526045
0.0299077106810536	0.967316836945312	0.69697726009101	0.260199363829509
2.52945661457458e-06	0.566377832668268	0.83240256535673	0.446286374748205
0.00135965525192307	0.821738743764018	0.973304969143309	0.573606607015799
0.07771866729914	0.9694576498266	0.842903212001361	0.953221999928115
0.309320506209544	0.0500219317906171	0.342226726653715	0.00836992784026578
0.537194864323524	0.980933044483898	0.906082470613232	0.361954152089699
0.454328492422099	0.0159280493670152	0.476504173883212	0.103534733106871
0.00511953113514664	0.906699984971887	0.395034704937764	0.85536276162803
0.293188051622618	0.999904010437884	0.532759098356326	0.954557185217046
0.316345177163212	0.1465624832164	0.283578161452844	0.672571065483646
0.54285838541084	0.204308827959817	0.999065731587493	0.0360811855179419
0.362157774920497	0.401873692579071	0.79331516994301	0.0433089970466876
0.940423839660239	0.996899319275258	0.809640250889011	0.909159727146029
0.40450395820494	0.10737942892453	0.642141580433369	0.900419823286595
0.781257187322846	0.283553863330377	0.195595050299165	0.118881614344864
0.2628667564473	0.498907538302469	0.600428440226731	0.0351003417743374
0.734920807927214	0.0203771697892652	0.646165929342931	0.0509782109357798
0.432469493430116	0.818127382098307	0.902779015819961	0.855936566557357
0.0964303797635756	0.989160721514384	0.19062900645221	0.570500437820425
0.00954652182862022	0.980369419873693	0.68152898829044	0.957967400969484
0.851215036060446	0.996499188626506	0.836816598304937	0.558032930779592
0.017317296309123	0.678875299294614	0.448043917952155	0.00397935908755389
0.459873980112058	0.118092201000494	0.682664297775752	0.139506407128752
0.72022572936626	0.963825623269324	0.753195128719391	0.0834983781945568
0.0288625860925699	0.768307552457409	0.595979044687521	0.0980557958356943
0.488833340781297	0.845372380473247	0.88622910362991	0.078644762323052
0.560792037584741	0.998616492572023	0.999858674776747	0.0314213648335622
0.19240521763006	0.657235334861707	0.994791548694674	0.169640204908548
0.51289494835669	0.125919344170472	0.999476232883626	0.0127001483003766
0.580496843154212	0.320601884500687	0.92228718894082	0.493821190357444
0.0332360262379085	0.395764984180932	0.463701288448418	0.060395881162375
0.406418814550862	0.845710079962212	0.0243551706683185	0.321631137389643
0.946798266596715	0.500271148467911	0.958130247476832	0.0088616898036486
0.4202221501916	0.505727286863948	0.867509623895846	0.0328091803938429
0.162650964061506	0.931593162342017	0.96799943120512	0.874305326383699
0.550276864496378	0.922822387356951	0.0192197005473473	0.830090548647211
0.144710020527416	0.0206368661024988	0.328498732322153	0.139628545017281
0.0608925637252163	0.21200943463736	0.885610591384304	0.199460748065432
0.554395379841222	0.458385962054907	0.00512945386940337	0.148197068323934
0.845927269659686	0.638782037663815	0.469638399243624	0.0493857177510741
0.633319845476837	0.0900977275940796	0.39149219861828	0.715291116478329
0.0947292714134473	0.87349587284292	0.673609876443886	0.954115738443675
0.571930071562082	0.00708935390853678	0.265196151758527	0.000315645413031332
0.6779221141908	0.636649761507847	0.955432498876589	0.0228408656461558
0.0677480982626238	0.541815883571856	0.764819650718578	0.999995573202452
0.643416014089557	0.477030031741788	0.30228541963524	0.721067244873518
0.804574679593209	0.574083190795853	0.203796233951621	0.867980681390082
0.584019212418838	0.950636798397629	0.995215037470997	0.147222952135081
0.338514307063505	0.132285858199296	0.665847184176747	3.02854143050992e-06
0.0638449974242678	0.859424690844291	0.191774866374501	0.00707879854233853
0.716124964450704	0.176070022809767	0.0578682917983826	0.985873570894464
0.000893024465908628	0.501144517137809	0.177656673507342	0.0218591993777274
0.0846432132471304	0.196608070647505	0.872741034059239	0.0898825276430094
0.167249583891271	0.991144710377787	0.171860836716685	0.53445614523436
0.298184444553429	0.578985424951224	0.97960314786199	0.0162954937729037
0.0449657226631358	0.514273959186136	0.875806380204879	0.801634084718436
0.00796118116893489	0.0574414657674751	0.717433763590977	0.732028433636581
0.703086350651526	0.00775016346328032	0.993962644114506	0.1297553693032
0.440325015583004	0.482468230995092	0.510563115191047	0.278440394604159
0.267207639843356	0.0641790435362804	0.981136284631888	0.00926739382533096
0.442767776220045	0.976634083933738	0.994014936285112	0.847507563549522
0.614287890348612	0.0325359895698114	0.213217977520671	0.000174034772874207
0.0676388873912736	0.692926400993572	0.793241259610203	0.0611126180302426
0.774020449143948	0.615897289331106	0.46287491268217	0.00124759428938279
0.0356761517255198	0.877346571801105	0.975127087989767	0.0344410050226665
0.154319860486255	0.902514556305046	0.00370175878501937	0.00875218244947808
0.0831568262666484	0.598379348968383	0.999981716818778	0.55277769818228
0.0596310382195332	0.902437445285424	0.421543135564621	0.36862344502275
0.126697546765326	0.973047312283427	0.900589258579664	0.06878936873892
0.348953531827812	0.902871580641126	0.448153017801926	0.809411592715135
0.679533060638135	0.160350293070463	0.0567569753294348	0.0420198214024532
0.0193816866827763	0.279074077036156	0.209284941396434	0.993647969159966
0.605624698149443	0.178579374746427	0.996820686931961	0.0829883137849917
0.331845019664677	0.490130962997534	0.983221357546042	0.237977205071872
0.44579992961764	0.152035178102604	0.969656543964238	0.00925619807303837
0.342280193830232	0.277029808233247	0.998503207235397	0.955713475015736
0.537787229256853	0.294232157782837	0.579294404377506	0.0179909316722729
0.00113059797182854	0.66150964391853	0.814014644951705	0.77174838924174
0.468129489334697	0.943162942408483	0.125848259901654	3.22716934421347e-06
0.861234789156794	0.236933096163662	0.411872656329272	0.77718984627199
0.753380972084988	0.450995057846515	0.97164128598486	0.122231620214754
0.507500110543166	0.728886096426317	0.0472350699846822	0.623074902504513
0.105070581645625	0.99989348276512	0.723227100697721	0.707461387413024
0.658842153170966	0.695346988130308	0.999997492575549	0.000710610026828681
0.805430982931435	0.503182589919985	0.522716858774597	0.639301478588665
0.0919336328570983	0.125469736753611	0.982511052786313	0.786618783642
0.00184470581881766	0.831727525931993	0.426116207308604	0.99994084377668
0.0245252670702407	0.00408397025399398	0.801453035961307	0.106602356977915
0.0853683112956295	0.96408907269063	0.0939476740001388	0.00572046991757993
0.289033421245851	0.239248620272461	0.978230718331411	0.960329163487823
0.0548802180727228	0.0593045361265123	0.859745514160753	0.27222321260297
0.0787706398661247	0.0623128111512619	0.0688023327480959	0.0211249861138147
0.257231079420462	0.455907413026728	0.883120731476038	0.372340962586227
0.192792129329977	0.0220629242252331	0.509552990020274	0.153230386992718
0.155639423709265	0.833934505243146	0.329592802599776	0.79627323775583
0.839416875320656	0.581584734092619	0.136566347503098	0.323951545214756
0.0320275577368965	0.000288735886534642	0.310403034219886	0.0792595411304398
0.563224790837069	0.253481996963838	0.751425872950181	0.129403861013838
0.708638899857911	0.849068145727674	0.843187627705102	0.38936283200156
0.00724904290953282	0.886019634185585	0.221293824356094	0.000728912207072637
0.171349910579425	0.909844213473048	0.0277076958692605	0.106365868472852
0.159146994850161	0.804104556653886	0.654991259422078	0.813442048646692
0.690498659887931	0.99889478855696	0.0736702058421392	0.449727171782274
0.242417569102494	0.511588588140892	0.885092315345467	0.626241058966032
0.40857473080492	0.378442357503336	0.696821365655324	0.0276291079193458
0.393605869704591	0.481108135146895	0.989987350975202	0.17891186338219
0.24131075062365	0.0899221982324937	0.294604574148525	0.000216658552237301
0.322746978925021	0.657932732419513	0.658357131595782	0.000215328325208353
0.150289601278722	0.749673966185219	0.0217108021640924	0.184077234664832
0.470331209142777	0.424825724142849	0.999290506822549	0.585881997446654
0.0260404405392593	0.0335122203171995	0.921003685894926	0.152684377437677
0.577055208542377	0.149032814272705	0.580559415697657	0.562470822072823
0.304008733411606	0.30490491906137	0.743220437968282	0.662380854771341
0.645841226652961	0.470996282987329	0.823210758133704	0.996948062175903
0.4614675885567	0.999733460671526	0.018121476559739	0.447098028224614
0.119226856961686	0.699976698460394	0.900769999039898	0.541754869483604
0.139441597883644	0.368455041051735	0.522006527447747	0.785202157065581
0.197046453056891	0.797861312874709	0.241058324036961	0.0638219298955128
0.461584886243805	0.969350583010015	0.159004514879488	0.512577981879483
0.0436659275295066	0.147915664144888	0.880666352613441	0.793061559466563
0.374184389183309	0.997767324529508	0.29304105965247	0.811256750898284
0.0468242654053181	0.200866474435523	0.610690492909742	0.397602429497363
0.679192221022954	0.0542434571387372	0.950616435927115	0.999969575830726
0.110214216728932	0.0886842768388614	0.341455002535818	0.518707443002021
0.0955694958252335	0.0210118288581968	0.625809136925383	0.563821215235949
0.360089569058867	0.348724077904728	0.999973637571617	0.0423692361291824
0.444402209925259	0.962889221487222	0.491711857704626	0.245552739318788
0.501922918576288	0.292376278543595	0.966442102901795	0.220148051043923
0.215181144156434	0.039398634965821	0.243471102609568	0.109075803843917
0.226047157873579	0.648741786283695	0.921601534516865	0.0238133627189113
0.416522363605382	0.879370284010638	0.999946567114556	0.0173891941136362
0.145076315306714	0.12820455892631	0.155080054250168	0.000162259268609738
0.0678986364665446	0.979666141336854	0.474972459674351	0.000955560464010913
0.108749886903317	0.256249922963052	0.034818120887818	0.171488393960486
0.0755057972514844	0.52155174184088	0.610811646092502	0.0463310559516611
0.0217991110042232	0.956082162948611	0.212343486286558	0.0888219952688689
0.156098482632653	0.973408596592983	0.594531067833382	0.000602034481478298
0.714616627025926	0.124612277009225	0.969146852983082	0.715210988838713
0.755350338689179	0.038743886158298	0.149219166514395	0.314371297023158
0.422116087013268	0.300749582571285	0.808101279067372	0.549205823091861
0.0639851771730501	0.219966038095673	0.634998261084844	0.931003924420235
0.202969981445865	0.922445362391372	0.15738732333488	0.169584651808646
0.0957571398930944	0.56568345649599	0.793233660602314	0.0504346390678532
0.752047188621807	0.201458374269059	0.467027500049926	0.0207683652618126
0.950496249218336	0.0505843378967772	0.955165518671601	0.999343553381864
0.636492865163301	0.580533994556582	0.721625803425653	0.582745103106702
0.645764177459357	0.0263238241447438	0.993820219340728	0.00394258250289952
0.190323726557414	0.101444201203414	0.655176095780415	0.350800881769502
0.886578919324627	0.0469608644691462	0.72031244863496	0.101685062911502
0.169572594278032	0.0603589201618166	0.926610434114629	0.917802073718961
0.649991276264481	0.849804280819547	0.924627591019231	0.915244493058408
0.000279245162349537	0.0524520609215708	0.837211616762198	0.0989517284861374
0.217304010658505	0.994594143608852	0.964767641778882	0.0743937522639747
0.675759615102438	0.450637217022083	0.0194452307587554	0.96772847894258
0.286488324453791	0.00314128869749761	0.0716878510929407	0.832669817140039
0.935802229275839	0.962825664055687	0.433240298831233	0.964171243439281
0.051225902994703	0.129459382589345	0.799686776105353	0.215544557263018
0.697228897211332	0.182021107188242	0.997528297556805	0.00118866478301744
0.224893055667591	0.714762940603384	0.282495641168631	0.101864136614254
0.910633164408412	0.582841627293069	0.820885785846265	0.983353060578784
0.0246506142217255	0.423149809166987	0.914325796821771	5.77573075432462e-05
0.550718193121139	0.18212496017119	0.980356491448081	0.178304432014815
0.471142113979937	0.431836879664173	0.0255268546984777	0.235675221777498
0.227008964508933	0.949113185838431	0.792042647650016	0.536040353254204
0.691218467318142	0.450926363114977	0.127394586061512	0.0287181527693575
0.0768170283817675	0.162560828575774	0.742919506849965	0.220857212215746
0.304847909393247	0.226019714062066	0.900981546692748	0.0313797046464376
0.879615146629192	0.310910308959614	0.0986753337439377	0.0995484698400142
0.19710807281569	0.192559250101915	0.512497927070763	0.848555656484958
0.235958401647385	0.5090714623679	0.996100764799524	0.292403222767937
0.301484821020323	0.619825956039952	0.850308044688147	0.257750526272388
0.489765412413902	0.599740102133393	0.981287115115326	0.0180478778092516
0.259120516653948	0.685033474753966	0.476224015183117	0.128577150131211
0.119232747588479	0.0355040605815328	0.980570799620373	0.949507057482796
0.167763718884666	0.90629739856996	0.914080510564378	0.00044906405521363
0.782587749996083	0.532876914912548	0.500147704195636	0.367015517313711
0.495155634491112	0.595875697594746	0.957161640284538	7.90239472425623e-06
0.0515217803166435	0.782015326135809	0.0231516315753236	0.271793958475184
0.253897732252976	0.227239885049815	0.968817190384355	0.0294999776497408
0.60392872712947	0.985571626872173	0.346730296334208	0.899050912574612
0.024187558645545	0.591063330061112	0.956609442073235	0.0143378607258126
0.000481746840458172	0.701858184306162	0.688560320438809	0.447658225079811
0.129214416139673	0.813539146278383	0.0254661133488137	0.617959324745263
0.194573830659073	0.562007048540071	0.960883446351511	0.0186593867331773
0.0668452599070902	0.185108675336927	0.402123750849937	3.78059391259663e-05
0.338770960955584	0.482372158962737	0.34338789137084	0.965850115463286
0.497966976852998	0.206065418474675	0.999856534565468	0.180954102487822
0.743552296982853	0.124314538531181	0.997564183132728	0.00147173142201432
0.214053937978796	0.102128067630345	0.292610038902156	0.474582597797018
0.396750621181519	0.98823292190716	0.717784030177336	0.090221384260745
0.661257827749982	0.0737265492462273	0.0116950167914866	0.185529596333743
0.0617916858094269	0.00555657429747689	0.270845431190703	0.00286773705635744
0.755091167095119	0.998702166653898	0.0429150741639111	0.0826592696327868
0.478879194059522	0.984772150881765	0.31550914672815	6.38913212024294e-05
0.435574029199384	0.879942535160276	0.876510486795183	0.844945816177993
0.198478421062221	0.52184947051337	0.617095430873895	0.382530641511528
0.325716719251736	0.617262971532032	0.0617547184428308	0.177512035443406
0.00046715313890432	0.934385432507875	0.159473825857262	0.0227679563145116
0.00922703943576524	0.994659098820574	0.190624387974697	0.595741342423033
0.0255399747499704	0.527117780016352	0.364070070831637	0.706913096458161
0.33120501082219	0.119251458572609	0.959111612762121	0.290817423208665
0.0766076865308705	0.986183271785116	0.977641277719715	0.469845496963277
0.674351510961064	0.150187658989807	0.512076370234159	0.0576709752587072
0.0282063549590459	0.312749454521885	0.977255533163217	0.894105274299824
0.0215010667492242	0.997332917627256	0.217476087287414	0.987692011851918
0.122427621839444	0.676770782321282	0.0620981825956143	0.752490038284119
0.543872635019137	0.387439491157424	0.997156991780839	0.938066964120964
0.388038367199859	0.731998442272036	0.538187758555709	0.0629066675330872
0.343345569027437	0.890250416972076	0.102290079685456	0.0130259873127991
0.0670317916321965	0.97193433634472	0.681735966503322	0.0942917596634635
0.808602232067604	0.964916439676449	0.903080515549529	0.0138033831369152
0.155607707913397	0.260837450690663	0.995393616769989	0.176165811037853
0.00971336832743629	0.245322820835392	0.113302891477602	0.00677705085653741
0.00202667721452834	0.375032150157461	0.824966347451844	0.0409238208800024
0.0885242796265648	0.73044603305878	0.318595896020624	0.964311507588575
0.874243502767366	0.0437742139450024	0.54866264861878	0.617799989767591
0.39236589674888	0.864964554249914	0.0436694129995578	0.0697132669496919
0.156888108051445	0.984809162163534	0.53914477203691	0.144472476503216
0.0158127155123054	0.226254874913037	0.926714333127817	0.400911391949131
0.788064612324594	0.936784312433123	0.771443649751529	0.906889996458349
0.222363841086534	0.999995834870599	0.133109431745689	0.000746980565090836
0.0362135435803703	0.0546518270433219	0.792958162841848	0.16706550513512
0.167266529650686	0.984093019225889	0.00583593523940426	0.749269276550705
0.00165626811564302	0.411992449332315	0.956494393041781	0.478987201102971
0.199387248479964	0.738591702574191	0.782186786496484	0.316072106068426
0.628955475074985	0.350677967065623	0.991203553548907	0.000154859489779178
0.947031905492933	0.953446329953809	0.691282581976908	0.454611277124006
0.878546201626934	0.237676667219419	0.947559066164167	0.632300952519583
0.134831654231816	0.0424688190726786	0.987059718991751	0.378571255062699
0.245250244835299	0.668528338635243	0.241394633884118	0.536304343095124
0.0883560252993948	0.710827015218772	0.87470079401639	0.246673484384158
0.00811866638939371	0.652734282609193	0.891940799764028	0.148000120282342
0.433092000358716	0.771908012952253	0.558968501641193	0.0140971159415092
0.296788256298878	0.17086201612523	0.477000591412103	4.52599295077889e-06
0.313168899191454	0.0642044516614869	0.0801954258230289	0.00110529604433265
0.604318665627491	0.0005455634267359	0.865692390410474	0.170649344948531
0.673052809267289	0.0160664428824377	0.453926304959422	0.540430094465373
0.734549725798609	0.105764971711502	0.947702488531166	0.00246274238716697
0.0615815103327173	0.983207609272087	0.236590440331399	0.148692341987996
0.0199115736799209	0.998637615818256	0.516199123233392	0.987552842542341
0.0114537098340191	0.921043909498175	0.181175969353998	0.722991541136352
0.484176323581408	0.0562835234966378	0.611203077846776	0.0477905138960786
0.406481714633755	0.125392725260691	0.921248959595435	0.0324811542338231
0.121508512817527	0.316031615329343	0.21133833302911	0.0937949574425202
0.514549455853991	0.97815641842746	0.1763960395128	0.997967727162657
0.0268750494067688	0.516201025806229	0.832577494156736	0.812787275218016
0.230530099276768	0.000842011969862274	0.835878112521601	0.194049986955795
0.152960018310646	0.00194052455004171	0.389010004338917	0.647201104372889
0.48131310100785	0.352834688761645	0.922043497732961	0.337478220504995
0.706489341187205	0.115596655741337	0.645567532983315	0.903141503562724
0.692304611395619	0.815394595188513	0.708394741005021	0.0117211059097922
0.573364679212115	0.000270372228379246	0.937863285455479	0.999715565497694
0.88793297233341	0.985253934283478	0.991577165276967	0.000547319859511297
0.388430937118581	0.1904809240505	0.582087416257506	0.00363057978626842
0.0799447671737679	0.120635766000665	0.914398916854197	0.958698179969855
0.152185916626385	0.14050933032802	0.959000398001134	0.0380081506509393
0.0130473003609948	0.36129328385046	0.544504895422246	0.682442537080645
0.986618697032951	0.0520677412349853	0.87958110601865	0.816874433536751
0.718521787388686	0.0269640435791166	0.999999999610568	0.98782037988937
0.315132277101199	0.615985661879107	0.00748715748346298	0.19169672349684
0.404573239113335	0.0169398127962063	0.877741056948923	0.252606034553886
0.862511389424669	0.0633401419994196	0.597192647405433	0.549995395958283
0.486518113980087	0.314385562409071	0.96271777006914	0.165914512274732
0.0015759731511846	0.958598199090583	0.275172622772764	0.992827295366417
0.149393267800963	0.974614601539302	0.33282658099243	0.397339409498718
0.000423283893307143	0.00209214619268826	0.347408866402005	0.305033933186413
0.580357211709843	0.117608456994185	0.503651008818614	0.0320601100180699
0.539264827265202	0.86735203457854	0.870993641562585	0.492790835359998
0.503934070206315	0.0117539879390622	0.250426657997642	0.0681354430315391
0.618807921201795	0.0247570601795524	0.919538197491126	0.964178060371498
0.478490308874163	0.00994541434535597	0.746690786319082	0.800627905248651
0.785719981883448	0.0887426751463667	0.783222150492554	0.337255881710455
0.0733098226594435	0.750916979301729	0.192835429846714	0.113363540351426
0.855983986219772	0.930191476619955	0.872012601605801	0.12534809247269
1.96361488376322e-05	0.918414114547373	0.144965798843519	0.000579983546695688
0.860444896025335	0.690018489803053	0.0282565117752037	0.670462061062261
0.0231817520481195	0.0861914771121333	0.0226399131578432	0.239315117722453
0.283874075975218	0.361888336080431	0.971867643606071	0.000102487075059933
0.209388720954026	0.23773903870871	0.961894851174582	0.226736538073954
0.166411080343278	0.71612454743841	0.842966890387817	0.0451679956455672
0.00434859508653617	0.704586016805214	0.262079977371391	0.280561885483468
0.127312959316477	0.553680326651928	0.101934480021149	0.987406362731615
0.0502523553955253	0.372312598594904	0.0849891370956931	0.00118206471132244
0.584048896380197	0.348023205975828	0.128356928744789	0.0240250897093696
0.00237817369883423	0.750049768465396	0.994534298643014	0.975448408724293
0.00521447257473272	0.361282628503955	0.0785278321110833	0.0188224730978256
0.589955821739171	0.806532872010739	0.61773481903493	0.843930738940406
0.336759510026707	0.945627915317872	0.663074464422807	0.711113247759527
0.0546735381939298	0.164462524920541	0.462336596883801	0.984352595263338
0.404429175192862	0.0854658381433713	0.7974658270666	0.916131942739227
0.0012570579714804	0.278537155526836	0.438886359043499	0.034320493467536
0.461588816429995	0.508346868258486	0.808835616016078	0.0307200261119246
0.0421257998385014	0.878740095088233	0.00846321924492211	0.0493630934847182
0.0733117539516597	0.141028561506051	0.0784946600172357	0.00510114119071316
0.105416061102348	0.0465915589749319	0.416692791886286	0.999679015210234
0.260454013233634	0.999146148549947	0.914247560867735	0.112738192495367
0.69738815686603	0.321287960358957	0.380273919499382	0.00281915475541508
0.157142064911558	0.752517007469639	0.999998950544111	0.116228350251953
0.495201880212179	0.208963342646773	0.487992917775278	0.0423244592390719
0.739688340449753	0.65695281282715	0.88047283024833	0.201417075480933
0.439653717179424	0.129296675115674	0.440673414820465	0.0379031165311777
0.400499441676372	0.600026078187708	0.742623565657088	0.700875924735134
0.0483051292873679	0.699503561221804	0.0479198908032616	0.0941854387041725
0.374190028524891	0.5210325603705	0.392831089714815	0.570544469976082
0.492889576882735	0.0408496188030037	0.811542891989284	7.64431036818213e-10
0.0117186663662527	0.977787137814412	0.98143399845627	0.00520984498429822
0.119508560574505	0.89089997150028	0.391781077116411	0.206292090579524
0.191785104683924	0.312178958622097	0.856311945668787	0.267361942370244
0.586367974681832	0.997267892847774	0.00862997223409714	0.0261078062286704
0.0232453695985349	0.0130232888343068	0.559484903839978	0.0160668126418138
0.474089023038643	0.224410738816948	0.0264332874335842	0.282606017063691
0.14010034407324	0.521432274214954	0.829725935557729	0.0688501725295716
0.244410267324687	0.167680781165265	0.160957787866822	0.862462968060847
0.971994320415696	0.430312268000778	0.819493199280708	0.952447751458931
0.0649456261453081	0.792731140434937	0.373799676880839	0.870710403825041
0.633761897828368	0.886072759558111	0.110645681543063	0.646735417620184
0.590899604028174	0.00248323626999653	0.426426805654903	0.273387171194141
0.530589192753863	0.380804444703423	0.298369823352311	0.592033595955181
0.592704338628766	0.275366227086388	0.998954680695422	0.729379285057786
0.110814212881803	0.840532894144491	0.812926071430143	0.000672013621317809
0.0854111222980249	0.483329188592238	0.40139121907829	0.626746266248208
0.257480148059591	0.157495347656258	0.0252241219876077	0.474434364662043
0.236729490040356	0.980095347507845	0.827351396206571	0.145136437443841
0.0290517117315566	0.875825903638451	0.0199346844580558	0.950127352870777
0.66632113383567	0.411968577500604	0.927229727719463	0.00337521288992918
0.310223086399095	0.390387345319133	0.532198171918884	0.959062356659376
0.000318113702143162	0.182244020297089	0.909012125291837	0.0210487587020193
0.802027134069264	0.00607026900748776	0.405290070975763	0.0165003431490093
0.181348247869311	0.0108451864734297	0.747952099530516	0.114301546175665
0.00176172994332976	0.0284774176365588	0.87180627298439	0.0280380013630435
0.871309323538316	0.0336875593955856	0.997682583109729	0.988640535450346
0.0956456061109406	0.688892719507897	0.771755979456237	0.0477658124564987
0.0179622870368129	0.905414691730117	0.676972126272157	0.00101272250435664
0.0314440374884393	0.967849349203485	0.305720032298284	0.0019482553934467
0.0153445498485736	0.184556544022228	0.360911329047746	0.0474526159486612
0.260566048366298	0.658521634885469	0.501883683655316	0.125999020128675
0.599612979701898	0.933706566483593	0.627434702341911	0.790154422638952
0.359098659070963	0.509981780480126	0.389687047130373	0.854377151509456
0.449052427945041	0.73100401687255	0.748929522971415	0.702173627999687
0.34935500291222	0.882324844282157	0.84476032790226	0.131620732782299
0.957938490078199	0.0489680806789974	0.79498468758502	0.0827108620095097
0.00280349032619109	0.833092644276839	0.712352943001853	0.0444341373639718
0.449266817076578	0.0360740436607753	0.999637353336491	0.776254157134191
0.459255399940626	0.970256701952085	0.527646947677933	0.121813572321245
0.0542501973733046	0.914891023184764	0.503658774384708	0.313286014077414
0.540814080268447	0.137719717444264	0.277644405195327	0.0596801873034071
0.199564139649663	0.344400873390886	0.238687469592326	0.125871387792109
0.535718673727083	0.774717137582612	0.00458321690455943	0.0320779121534239
0.107805189895365	0.0907594758489346	0.836222207732811	0.722912140822844
0.41596786865656	0.0287487523856311	0.872489804370721	0.998443715239452
0.00920551473388388	0.746621017430153	0.0567233764860592	0.630685328969912
0.0365936465705366	0.933181442417984	0.693382008153612	0.00945568079676685
0.459618645286402	0.795007536412635	0.951497689615938	0.25055240701127
0.0697107100583201	0.134871027990165	0.927642400459051	0.208333395892228
0.170312983823328	0.00780476666905795	0.0479668033863768	0.0288836720271143
0.20137823084845	0.228439295389164	0.00251975641463326	0.203737408904713
0.173565598313667	0.835816977862205	0.278868675800114	0.899924314916424
0.061170985978376	0.177761716011248	0.327842593321282	0.872355391452173
0.904038838792689	0.366214578436286	0.876207436118213	0.044610787813062
0.053762348636458	0.541074077900922	0.0540292994641492	0.409366701991467
0.0104031572000699	0.64479308202771	0.375121502832362	0.00610602947701605
0.483895629486973	0.00481422918003228	0.395167964238769	0.806533565294593
0.507707427196864	0.929825165498957	0.586996827169324	0.233923985707955
0.21174159372705	0.45098781956002	0.0977209485568311	0.0759928171204566
0.0972768346975235	0.982767404149667	0.520609022952902	0.165651039326912
0.531240270535924	0.0175655224464657	0.971635377226801	0.537819191345358
0.080664574335323	0.66004451618549	0.0334745330746676	0.500541193641219
0.936867103987706	0.805734917758198	0.905662585190628	0.917799535396104
0.296404091259654	0.92182733572851	0.757723232016235	0.0116928115316752
0.0368197570237253	0.628719218666515	0.596693932923789	0.00108084614697188
0.0035967615645209	0.870218115915758	0.0684134457106908	0.192837005271463
0.285766593035308	0.949903270052651	0.989570333921106	0.585506720537585
0.0243329145287626	0.812552051664622	0.097635674363763	0.88453432934591
0.152487952541227	0.0943058086207744	0.0927329052629186	0.000442248025168096
0.852707720231855	0.612996329833472	0.980401097991909	0.133256172131945
0.0422291486700623	0.461839118699971	0.990118999508752	0.398856393779052
0.289814554666812	0.914061698975478	0.276719618874506	9.35736116951995e-06
0.733587665860615	0.999999833715272	0.655725239561898	0.953394938310798
0.446192279039753	0.894200368842912	0.319969382785374	0.00326356214913903
0.855292362360091	0.953263490550891	0.779360221753072	0.717757507387805
0.0290795566600464	0.794801051852323	0.637884292726573	0.000439616925812461
0.0268462755376453	0.447969788691971	0.334505468244363	5.69494747968262e-06
0.00202252997215345	0.556749979666347	0.56706259849548	0.00198603879427503
0.288537067833404	0.0758596405722395	0.164178497374587	0.918419669113167
0.138310109135761	0.850076731411777	0.00937624436586661	2.23009542341296e-05
0.982073207807384	0.159658411065163	0.328834462953639	0.94812831659852
0.344491550485521	0.450927046875454	0.33219380641372	0.410612827638791
0.681479237897355	0.31174684439496	0.259550242058766	0.000178080827363013
0.0927765826999522	0.55324528846354	0.233989815024065	0.00072078843621761
0.939750671949283	0.961864346344395	0.772431737981489	0.0200666010811454
0.305941040232162	0.99918111392291	0.967746506985007	0.0924331884695857
0.0769519999575024	0.333571086447817	0.622813006701137	0.962075449964783
0.451761949279366	0.918368777835084	0.0651547801949191	0.0213907077376286
0.0798672440084348	0.349614312330151	0.24343207818016	0.258454063364443
0.828693519935901	0.637786542691121	0.754916934568874	0.0837771684495829
0.230626503992637	0.927757999995512	0.253886594160841	0.999173093068122
0.0208178432143717	0.215684970613876	0.573248234001625	0.156502839941811
0.265655374654992	0.900929408739649	0.525789042735829	0.251127170226089
0.219393547855936	0.00600495425673287	0.75269653337859	0.0183452276002521
0.0171561882154035	0.00422613465079899	0.885567802854724	0.276422613992879
0.682861947266093	0.776622571585216	0.172244701541032	0.38550083455643
0.436552591831261	0.879081203123938	0.716916608948795	3.95813672625216e-05
0.497840341005554	0.795886774141821	0.994014265040113	0.0102485800377064
0.14722976318304	0.0692285823548604	0.999300727927643	0.114746702103703
0.00670088212823899	0.544143134312329	0.000783606279071421	0.943783154956184
0.814458500428337	0.820623420955472	0.999084563474736	0.241860078269331
0.219783153286823	0.705482928387324	0.350959339510773	0.361018684821162
0.471766137884857	0.198341959179459	0.929197744444551	0.0485496390986005
0.405414842871614	0.776266761088327	0.0710370154536845	0.867897866490175
0.24293120576387	0.944087899488635	0.531481219005141	0.111127835809216
0.0667096856955949	0.0252182447192811	0.430118406222194	0.170882583421861
0.11907526211998	0.0482209838471229	0.998021939416358	0.0962940474509621
0.342213257068311	0.909290671843583	0.214736462070244	0.0320792924822175
0.305160703934444	0.86780091458264	0.992198434838605	0.841481902800325
0.75730892999663	0.642069056986053	0.910809638337889	0.78534490419402
0.0383846074923597	0.503575655719654	0.211742604867835	0.207313766422536
0.78152926550787	0.448639541314387	0.627652308930142	0.999847940524338
0.14040085241511	0.98350929285347	0.983453497123074	0.368767215853392
0.772150041821291	0.386367149467522	0.895618184547131	0.347119299343184
0.931366774131059	0.000307502507111362	0.915810848089669	0.982980604640257
0.140070073815884	0.106760508986112	0.970479727578688	0.167331025271035
0.22341539426362	0.203507143575801	0.906352257701367	0.715244447795984
0.242456155664543	0.610508526126843	0.375061973707413	0.720069208337438
0.409506155415221	0.399267602385292	0.0478201163428821	0.0074332886330991
0.475816394327083	0.994226338776822	0.5110290007726	0.122736685767944
0.414320511382389	0.0833579539838932	0.995019079436499	0.998255365936432
0.050815757628028	0.214430944395392	0.999645176765673	0.00898372397787441
0.577767637200325	0.672696628320983	0.707811850290864	0.171913344307169
0.0258098771890648	0.424936435956873	0.764042679263878	0.447595644330763
0.3022402927334	0.990862027889935	0.646881869192147	0.431038904653208
0.862351852823732	0.0449739357461127	0.840202431050571	0.00090517266685782
0.722955751654572	0.844013698491468	0.459000373184482	0.633746846044761
0.539210853883868	0.276405929877901	0.613419207662843	0.0224621132538853
0.798539015805075	0.801835600888896	0.0153183530564774	0.962319087547323
0.865617657243015	0.0254126649871318	0.0879064032489866	0.951793401863213
0.425601516833453	0.00581309431902008	0.173247979877788	0.819023034115068
0.0012013294611624	0.216572956297027	0.622871563083291	0.0329680841952123
0.330986583688332	0.112780169219569	0.542208227325589	0.00100386513170201
0.537322256082981	0.904231448623549	0.0669177173254293	0.00107211408443943
0.321918942138239	0.261089642297417	0.101980553153525	0.00276311596111049
0.208957654111447	0.856371649095131	0.900101039022423	0.0661935992229959
0.688251627554397	0.878168372468443	0.997349963695508	0.00214071721327927
0.23594413250694	0.0816883814771565	0.414843694915737	0.596737058969618
0.305279511159473	0.0888042633255837	0.426298427009926	0.551478283772871
0.00269584869368894	0.517610986208731	0.107367099144195	0.221745914997307
0.341346500526673	0.835046352711984	0.928563123504044	0.328172335502623
0.558504897705497	0.0638250488948541	0.734276783791682	0.234111141486417
0.632393480840551	0.133159837487228	0.704271440989924	0.0290835227342971
0.322285088153316	0.996348020877282	0.880250245951898	0.65591568896911
0.617999065353591	0.93862039832522	0.844138943785577	0.827005128839847
0.0521112772805033	0.188069969494334	0.943169313569806	0.00185191681750817
0.573582687178606	0.231377824521568	0.923563733674079	0.0651086264684911
0.0895548239307972	0.984683535723851	0.305250326596554	0.607151888142894
0.241346165937235	0.373688303032638	0.256281254280915	0.950437923349097
0.596188850074237	0.173588647999951	0.998697016456625	0.421449876646964
0.0477361067341861	0.754792039245882	0.448070876567952	0.0551130199779858
0.851635808164698	0.719445945796355	0.897821507469438	0.388088590440269
0.734423355424329	0.754318967763863	0.657872722710933	0.185006626143089
0.55527866866942	0.583678811816046	0.998538862537009	0.00249589810803901
0.198514075799853	0.163012628072157	0.121088475907828	0.731547633016193
0.0236823759258138	0.640516158812354	0.0629095043313348	0.849879748503926
0.506695667571403	0.937821119396326	0.246672718052548	0.0369719929167967
0.0459915395647947	0.0374431031018208	0.258008220276842	0.000289529343000375
0.212580335358338	0.492482270355793	0.0916514863208738	0.0375281832282193
0.10629254257627	0.631682112946435	0.999985522992028	0.0941817211188646
0.0593048877285181	0.096388378508069	0.927718451074368	0.872799598737497
0.515365449707336	0.991029208823312	0.35355727755366	0.41434457116501
0.551584649646683	0.997463828704388	0.934477510020868	0.370496435560157
0.465830538161908	0.860454050235834	0.0881261402185267	0.57553779286693
0.00997505632876963	0.106598306561748	0.999378189616666	0.999843328123906
0.0566254115502833	0.0290631242947599	0.682926336097318	0.115762468384555
0.153015866463437	0.751605061430942	0.998219843474828	0.179187837292399
0.0117284768404406	0.111693276418838	0.248586123101272	0.552785552017054
0.684826900031853	0.000524771451402258	0.947960903461203	1.42583033944557e-05
0.069123382534446	0.668844008350669	0.800009397280016	0.532521577149687
0.576036464660018	0.471894892446586	0.990089386399742	3.85431001573584e-05
0.59267569839998	0.986473325334418	0.0821409563874045	0.0369484618781117
0.209740372322574	0.355718544328494	0.919226332706942	0.00444377706604219
0.846486174461275	0.228668896075799	0.0241460550847948	0.226652350708498
0.199071551057604	0.000256921744802551	0.702890381958787	0.360181207441317
0.946375051103252	0.898055794983415	0.14814876026184	0.322436230750509
0.022545473313138	0.956347157365587	0.999084014219186	0.172543629932803
0.172472876957882	0.42723738279444	0.990203988293263	0.0354994494653784
0.116763649412726	0.680398429879395	0.171753638813968	0.000712757236168927
0.0298797851689732	0.714087340284375	0.38390907389096	0.00352161227292972
0.0617122810102071	0.872859074725345	0.995882034217374	0.616872588565292
0.461023445232266	0.720772899579845	0.552764509529445	0.0849539325785788
0.489740232540447	0.243960234043235	0.927118898467681	0.398691955705821
0.0944887124821679	0.437150573825368	0.990691644992665	0.00207513008715161
0.102522003845942	3.17656823364096e-06	0.979152498525053	0.0106275702820878
0.0329385291882282	0.969883806782289	0.533260845355683	0.592246640468287
0.0757273965896466	0.994776287631719	0.932415671618745	7.89998509877702e-05
0.501471148245407	0.0250588926677022	0.970512287124088	0.00690385846937347
0.0734147151210776	0.732198398588617	0.569273134756995	0.424906187544088
0.509019673518151	0.150606021272609	0.57170704179846	0.00464120817970225
0.479670923645442	0.652230176370208	0.190821863520085	0.396658424320253
0.387942430156439	0.849584313381468	0.99314973726362	0.599995368884007
0.00459686101784841	0.70756248305951	0.80871322522968	0.209651792280176
0.660908500602287	0.897971926426565	0.275758757721642	0.904331250896579
0.74986560603697	0.367693855847411	0.319044539106983	0.133513090777288
0.188044617028147	0.242026246409541	0.534060570360734	0.520514266025333
0.367660689726498	0.413146638762212	0.287634252401565	0.00774884729859156
0.234167792848321	0.128814974327293	0.146773507100396	0.0170809165402051
0.0436959301360003	0.134713969218994	0.073154534471021	0.0273149443396147
0.0958419669595355	0.199674348207168	0.815083466337786	0.000654626800889692
0.135998020006698	0.114510020355318	0.177976390766468	0.0813309279256183
0.753613352640398	0.220320388661422	0.990566200773517	0.254070307180308
0.0366131673847181	0.910966215744608	0.0896766407838351	0.0575529167807032
0.0553974855705761	0.654577344288321	0.822287237764651	0.647173253430719
0.580162349975627	0.608946800760522	0.994648434496524	0.0483032983037001
0.00290401243816238	0.119660831241721	0.96196471975123	0.131948948533239
0.75047941328144	0.536263805569691	0.457992061483667	0.000259720140615936
0.114112236991149	0.597451412597811	0.277245196230268	0.0193767480107688
0.148702799003977	0.00757046382871952	0.944840949438715	0.334141896878127
0.0864943265779411	0.859465473077061	0.345698814956045	0.422629722524748
0.325090271355216	0.533259756153989	0.47807917684515	0.996917195853786
0.099217472713342	0.744874057043246	0.160154738891352	8.21166108087002e-06
0.682060267760524	0.20230573895198	0.441033352969659	0.00136196419280792
0.000138038698886365	0.647322497475989	0.0437361838258951	0.111485761994676
0.403290328755916	0.0136721902318401	0.894297500927312	0.0573124200690344
0.452378094399497	0.1028079752693	0.952528012240574	0.42811770637731
0.893399770348125	0.0973004421989913	0.349573845482573	0.464596338749766
0.0609348720319692	0.942509364374901	0.208462491159346	0.0606897184446818
0.311154022119378	0.089557914946163	0.878818491774956	0.988806859560512
0.999914982930988	0.683421244691508	0.837056720284514	0.161694339568426
0.361267373887896	0.72947442586036	0.595272301058945	0.213220824177448
0.594607102062415	0.608467095324955	0.912082723677757	0.810358367369873
0.369293740368856	0.862365632872121	0.875776131635964	0.355097451590447
0.621082858077334	0.269135619796046	0.356911888842393	0.389930132052271
0.105624112616618	0.127108737538666	0.501505722691191	0.236089953855378
0.943996441018743	0.674146576639699	0.265551437574167	0.628859373397057
0.805656001090257	0.981708058454903	0.289950264701043	0.368188916607188
0.393957673360567	0.0304637052442851	0.828789710060851	0.352851558952734
0.504370477983427	0.0141135653193262	0.159157747258155	0.272609422722385
0.518296601754162	0.77346554427028	0.966453819631308	0.0495406861458384
0.11969492025768	0.937618591313227	0.940683545872243	0.0120529948271257
0.12636300703499	0.973271965712273	0.979917775958222	0.307891477254336
0.0679242061692956	0.400181467501261	0.0441712131151833	0.0129400406000244
0.0314541858278227	0.0251249182312517	0.860811652829913	0.599921359699752
0.0240055965160444	0.00174723175235353	0.968547358294675	0.458891977056249
0.179688584226085	0.280374950633008	0.304920325241559	0.75368580607474
0.886516833840339	0.468362452519442	0.505598400593075	0.480975236174287
0.0105133275213667	0.171667681705876	0.513404084358183	0.00998458741989876
0.808938322855938	0.348879841848343	0.906979045143479	0.56954917285037
0.78712951799517	0.553920226459638	0.801571175098832	0.950074362173862
0.465079793147715	0.82828656518809	0.36681371334751	0.980305950090348
0.0652367068472324	0.993248598450468	0.00174364530601866	0.739750741595868
0.811123303419301	0.872838198123228	0.328299190974891	0.620120035813506
0.91092825484626	0.0329820198207075	0.438661195170001	0.992590595789847
0.154787921215948	0.140623095636021	0.938631892600107	0.0732867866304558
0.255039269311387	0.690430291470668	0.707464727168714	0.00250310341457718
0.0417503224986511	0.36259647411571	0.504738074007136	0.558352585668229
0.320925781797253	0.00291302903233713	0.364822554681831	0.931188656160813
0.127390879416598	0.0111612449976221	0.703640413972184	0.0701714559094112
0.657658929529301	0.408406624385133	0.815624996144308	0.284760637642419
0.0278722989956472	0.0282121741920364	0.993308622674246	0.165614723410677
0.863240018258305	0.193165488717554	0.858749681952836	0.202991257625125
0.174291810075603	0.0704768186880073	0.55787660521579	0.313912276062452
0.117254935763115	0.612335380522142	0.031074171251091	0.566172433384906
0.518189943073116	0.840243638087561	0.656164827431122	0.462971722718774
0.685628830450706	0.541753534205425	0.087937720510675	0.0210371015136482
0.154925107198098	0.141433841529056	0.657196473069125	0.197215146933801
0.49084011871327	0.891256442778989	0.48417171108062	0.984883720004397
0.232303514689075	0.998551398785271	0.962446476575605	0.00666519751840169
0.0542711026501574	0.0647193698145788	0.213505529466128	0.305391356756356
0.324341156575681	0.334894036571116	0.394621565935048	2.17375811537301e-05
0.0945350814178927	0.00704944650423434	0.0908721432280379	0.192354148923919
0.642909193482922	0.135272658402745	0.466501046026464	0.0893184474122562
0.489696697962058	0.125203546855056	0.997044689302386	0.956082981586209
0.757506886607126	0.432467929130761	0.653222709640658	0.970532203674511
0.0612088171374986	0.936964109025658	0.926611019881592	0.659301106947334
0.0478765521026504	0.368857709021672	0.868786784281332	0.00629398061991684
0.76109774266537	0.000107738154053899	0.526067007053641	0.0489520858891317
0.0166152641788871	0.68393808277548	0.0263166556089625	0.0439873597660248
0.854195758446026	0.128723819985182	0.258336460073748	0.169881869813233
0.907114881095171	0.0134796482636764	0.122783536814575	0.845094316206014
0.261482554943069	0.998600901418357	0.764508916594503	0.802931816056206
0.0737830895263576	0.120414498494963	0.107778729479953	0.0218366517137166
0.239120553416046	0.266183707883642	0.383818999305179	0.0196912978671689
0.16789136199084	0.328999284009119	0.822143576524446	0.64291486928909
0.218091283113565	0.0116633963328361	0.369574508739464	0.350553422631856
0.504805035811158	0.758227214674171	0.836003844466613	0.697780712829441
0.349979312448349	0.232713847933554	0.931709451513133	0.400661672763119
0.508336391739997	0.951716207047981	0.935609560041916	0.632181973372155
0.823335267258721	0.501732749798031	0.831478461770201	0.881925767313128
0.615415597207467	0.999722547587427	0.386804288885937	0.872346790194324
0.526821077557476	0.809116244698221	0.558899327134881	0.00249796455076423
0.356872364409668	0.0458337442776942	0.985346917133389	3.57322380150506e-06
0.0348012949514614	0.00387156802686658	0.452484230659245	0.0132762318714513
0.435992892707783	0.102898649898792	0.533034665250156	0.553971115690327
0.0116839239481644	0.577119898120061	0.904670041749298	0.124647615359544
0.0935664176375008	0.747692708637215	0.421097288100635	0.356201925514311
0.441979801902652	0.79749789750629	0.996281704515598	0.0957921462296437
0.182600146356716	0.00508078918674366	0.833048304291828	0.00081185981031085
0.971802443720414	0.808470344538281	0.638033024084754	0.128770398086346
0.555191135374908	0.712369058288677	0.936714820968913	0.170856034948546
0.0612175023662101	0.0975679752014363	0.0196542090751797	0.513649080302659
0.691511814560086	0.892660256312795	0.985730500390952	0.00178719305466458
0.0455790737792826	0.14251082895041	0.05844310580693	0.290523863467213
0.765841330090212	0.599454980453795	0.998805518122618	0.0526668068867645
0.0971134512890791	0.661236447171089	0.929002879126721	0.999118513496169
0.149015433157407	0.269931603201896	0.929402103998107	0.171870186569833
0.00484795129544054	0.14474921573277	0.92820966158416	0.544112066375746
0.0719531975805921	0.0926311476869356	0.376524947599287	0.153083364323964
0.216269780090249	0.3474365270499	0.996667016032323	0.933485022839732
